,Context,Type,Sign,Block,Relative_beep,mean_asyn,std_asyn,sem_asyn,n_subj,ci_asyn
216,pure,SC,neg,0,-6,-2.306851851851852,12.547722037735484,3.2398078989992882,15,6.350023482038606
217,pure,SC,neg,0,-5,1.702037037037037,18.075663756094766,4.667116313266669,15,9.147547974002672
218,pure,SC,neg,0,-4,-0.06129629629629652,10.373160121738634,2.678338426602442,15,5.2495433161407865
219,pure,SC,neg,0,-3,0.35314814814814793,10.150236412800623,2.6207797724563284,15,5.136728354014403
220,pure,SC,neg,0,-2,0.8864814814814811,10.788544055322168,2.785590097072519,15,5.4597565902621366
221,pure,SC,neg,0,-1,-0.5735185185185193,17.769114762626298,4.5879657035,15,8.99241277886
222,pure,SC,neg,0,0,46.913148148148146,12.557798712155046,3.2424096851467628,15,6.3551229828876545
223,pure,SC,neg,0,1,50.074259259259264,24.018607468026026,6.201577781517193,15,12.155092451773701
224,pure,SC,neg,0,2,28.33648148148148,24.852917153418538,6.416995615990842,15,12.577311407342052
225,pure,SC,neg,0,3,5.842037037037037,29.261970256498127,7.555408232042268,15,14.808600134802845
226,pure,SC,neg,0,4,8.790925925925926,23.5235584817628,6.0737566828935705,15,11.904563098471398
227,pure,SC,neg,0,5,5.854259259259259,27.465580951042128,7.091582507819855,15,13.899501715326918
228,pure,SC,neg,0,6,5.09537037037037,27.983475941686613,7.225302419409878,15,14.16159274204336
229,pure,SC,neg,0,7,3.149814814814815,22.163866818708254,5.722685805094415,15,11.216464177985056
230,pure,SC,neg,0,8,1.9975925925925917,23.369008344373796,6.033852009009458,15,11.826349937658536
231,pure,SC,neg,0,9,-5.324629629629629,16.352283705730837,4.222141497650296,15,8.275397335394578
232,pure,SC,neg,0,10,4.102037037037037,18.89413289329615,4.878444135784383,15,9.56175050613739
233,pure,SC,neg,0,11,-5.735740740740741,15.881670850034329,4.100629780808716,15,8.037234370385082
234,pure,SC,neg,1,-6,-0.6793386243386252,10.774716148139692,2.782019746790477,15,5.452758703709335
235,pure,SC,neg,1,-5,1.3638359788359777,10.84456470001428,2.8000545653349422,15,5.488106948056488
236,pure,SC,neg,1,-4,-2.5044179894179903,13.574554599520969,3.5049349264085334,15,6.869672455760726
237,pure,SC,neg,1,-3,-0.3804497354497363,11.349115537339719,2.9303290313533714,15,5.743444901452607
238,pure,SC,neg,1,-2,1.0505026455026443,13.750761506127736,3.5504313540601826,15,6.958845453957958
239,pure,SC,neg,1,-1,1.1498677248677238,17.5638858525466,4.534975826773403,15,8.888552620475867
240,pure,SC,neg,1,0,52.184153439153434,11.815426499346861,3.050730004020546,15,5.979430807880271
241,pure,SC,neg,1,1,55.82907407407408,16.264999212050974,4.199604738290012,15,8.231225287048424
242,pure,SC,neg,1,2,23.69669312169312,20.7520207653549,5.3581487216246675,15,10.50197149438435
243,pure,SC,neg,1,3,5.482724867724867,14.310338892012641,3.694913613823284,15,7.2420306830936365
244,pure,SC,neg,1,4,0.1419312169312164,15.198702666566762,3.924288154104755,15,7.691604782045319
245,pure,SC,neg,1,5,0.02367724867724726,12.842356734288288,3.3158822505302137,15,6.499129211039219
246,pure,SC,neg,1,6,-1.035211640211642,16.797435933527446,4.337079308635856,15,8.500675444926276
247,pure,SC,neg,1,7,-0.3875925925925936,15.619438723420425,4.0329217368609696,15,7.9045266042475
248,pure,SC,neg,1,8,2.5208201058201043,11.272017418354366,2.9104223826297586,15,5.704427869954327
249,pure,SC,neg,1,9,3.4076455026455013,16.541013213019774,4.270871246894828,15,8.370907643913862
250,pure,SC,neg,1,10,3.71574074074074,12.552248461192555,3.2409766165104292,15,6.352314168360441
251,pure,SC,neg,1,11,2.3187566137566127,15.121629555328461,3.9043879623536664,15,7.652600406213187
252,pure,SC,neg,2,-6,-5.206111111111111,8.785403383466766,2.268381399592072,15,4.4460275432004615
253,pure,SC,neg,2,-5,-1.2461111111111114,8.96402660235285,2.314501716391523,15,4.536423364127385
254,pure,SC,neg,2,-4,0.49500000000000016,11.088536750460538,2.8630478778895045,15,5.611573840663428
255,pure,SC,neg,2,-3,1.0850000000000002,8.120160531336417,2.0966164337597806,15,4.10936821016917
256,pure,SC,neg,2,-2,2.1461111111111113,11.337466702688387,2.927321315179549,15,5.7375497777519175
257,pure,SC,neg,2,-1,2.7261111111111114,8.907994769379215,2.3000343593272317,15,4.508067344281375
258,pure,SC,neg,2,0,46.696111111111115,13.063742147888771,3.3730437185280744,15,6.611165688315027
259,pure,SC,neg,2,1,50.45055555555555,18.751320035838003,4.841570014547069,15,9.489477228512257
260,pure,SC,neg,2,2,19.265,30.085756999790465,7.76810905454878,15,15.225493746915605
261,pure,SC,neg,2,3,2.8350000000000004,18.74821110807872,4.840767292851319,15,9.487903893988586
262,pure,SC,neg,2,4,-0.6983333333333328,16.79879559699743,4.337430372234235,15,8.5013635295791
263,pure,SC,neg,2,5,-0.07166666666666603,16.058320435301503,4.146240507598997,15,8.126631394894034
264,pure,SC,neg,2,6,-2.057222222222221,22.560997046728776,5.825224389054351,15,11.417439802546525
265,pure,SC,neg,2,7,-0.9027777777777775,13.636298447949574,3.5208771195215163,15,6.900919154262173
266,pure,SC,neg,2,8,-3.5227777777777773,10.057259962541718,2.596773356226847,15,5.089675778204618
267,pure,SC,neg,2,9,-4.319444444444444,15.024041286500886,3.8791907796900387,15,7.603213928192476
268,pure,SC,neg,2,10,-8.362777777777778,10.935130836883163,2.8234386413231776,15,5.533939736993428
269,pure,SC,neg,2,11,-6.010555555555555,15.497174573227419,4.0013532690252545,15,7.842652407289498
378,pure,SC,pos,0,-6,-4.688888888888889,10.30348667232785,2.753722644074454,14,5.397296382385929
379,pure,SC,pos,0,-5,1.118253968253968,6.513917975468173,1.740917807839289,14,3.4121989033650064
380,pure,SC,pos,0,-4,-1.5126984126984127,7.99519811625659,2.1368065778866123,14,4.18814089265776
381,pure,SC,pos,0,-3,-2.297222222222222,12.340115512210605,3.2980345971361795,14,6.464147810386912
382,pure,SC,pos,0,-2,1.8956349206349203,5.870035203349575,1.568832898516858,14,3.0749124810930417
383,pure,SC,pos,0,-1,5.484920634920635,13.327961066665306,3.56204742683741,14,6.9816129566013245
384,pure,SC,pos,0,0,-47.199603174603176,14.372531781871967,3.8412206934488915,14,7.528792559159827
385,pure,SC,pos,0,1,-43.61388888888889,19.203457906951176,5.132340009224737,14,10.059386418080484
386,pure,SC,pos,0,2,-11.199603174603174,31.784530501843644,8.494773095526066,14,16.64975526723109
387,pure,SC,pos,0,3,12.6765873015873,32.67642065977724,8.733140766784867,14,17.11695590289834
388,pure,SC,pos,0,4,13.584920634920636,27.062088878293462,7.232647482357119,14,14.17598906541995
389,pure,SC,pos,0,5,20.838492063492062,22.582081941368358,6.035315264618239,14,11.829217918651748
390,pure,SC,pos,0,6,16.70277777777778,16.17078115322241,4.3218230537042475,14,8.470773185260326
391,pure,SC,pos,0,7,9.890873015873016,16.85019741517597,4.503404687649453,14,8.826673187792927
392,pure,SC,pos,0,8,6.9718253968253965,13.59395909777479,3.6331383909779906,14,7.12095124631686
393,pure,SC,pos,0,9,13.90515873015873,10.077490941056393,2.6933227442679377,14,5.278912578765159
394,pure,SC,pos,0,10,8.11706349206349,15.336144215335528,4.098756949138616,14,8.03356362031169
395,pure,SC,pos,0,11,8.577777777777778,14.393191944769388,3.8467423542429695,14,7.53961501431622
396,pure,SC,pos,1,-6,1.401870748299319,8.061100065695587,2.1544196147381287,14,4.222662444886731
397,pure,SC,pos,1,-5,-4.686054421768708,5.6508997454086405,1.510266483880516,14,2.9601223084058113
398,pure,SC,pos,1,-4,1.0508503401360538,5.12610740446854,1.3700098310947364,14,2.6852192689456826
399,pure,SC,pos,1,-3,-0.20289115646258565,10.305700437860954,2.7543142978001347,14,5.398456023688266
400,pure,SC,pos,1,-2,-0.2811224489795924,4.860652176672307,1.2990639372417696,14,2.5461653169938683
401,pure,SC,pos,1,-1,2.7173469387755094,8.880138084242342,2.3733167327484255,14,4.651700796186914
402,pure,SC,pos,1,0,-49.2124149659864,15.499841331101845,4.142506843595804,14,8.119313413447777
403,pure,SC,pos,1,1,-49.87857142857143,30.597428194125982,8.177506658488339,14,16.027913050637142
404,pure,SC,pos,1,2,-12.175850340136055,31.046393128146892,8.297497584329896,14,16.263095265286598
405,pure,SC,pos,1,3,10.247619047619049,23.9963767904799,6.413301462422134,14,12.570070866347383
406,pure,SC,pos,1,4,15.915306122448978,21.02638838658922,5.619538673132812,14,11.014295799340312
407,pure,SC,pos,1,5,15.532312925170066,18.884136194433886,5.046997691767764,14,9.89211547586482
408,pure,SC,pos,1,6,14.543877551020406,20.200052157482336,5.398691026304477,14,10.581434411556774
409,pure,SC,pos,1,7,14.074149659863945,14.658317762458271,3.9176002095415474,14,7.678496410701433
410,pure,SC,pos,1,8,11.528571428571428,20.417018091881367,5.456677611384651,14,10.695088118313915
411,pure,SC,pos,1,9,10.49268707482993,12.63478930922392,3.3767894820850075,14,6.618507384886614
412,pure,SC,pos,1,10,10.993367346938774,12.067087283403389,3.225064733628013,14,6.321126877910904
413,pure,SC,pos,1,11,8.595578231292516,11.733078081772485,3.1357970195899605,14,6.146162158396322
414,pure,SC,pos,2,-6,1.535912698412698,11.531677873069487,3.081970549690576,14,6.040662277393529
415,pure,SC,pos,2,-5,0.03650793650793612,12.189952488146744,3.2579018408355465,14,6.38548760803767
416,pure,SC,pos,2,-4,-0.4075396825396827,8.852955040515923,2.366051758723143,14,4.63746144709736
417,pure,SC,pos,2,-3,-2.0771825396825396,9.646237018964156,2.578065285469963,14,5.0530079595211275
418,pure,SC,pos,2,-2,0.9513888888888887,11.526653675498835,3.08062777640823,14,6.038030441760132
419,pure,SC,pos,2,-1,-0.039087301587301795,12.16903678980396,3.2523118853209882,14,6.374531295229136
420,pure,SC,pos,2,0,-50.94444444444444,11.190644834586843,2.9908256362925365,14,5.8620182471333715
421,pure,SC,pos,2,1,-44.99265873015873,20.262971283394027,5.41550687003568,14,10.614393465269936
422,pure,SC,pos,2,2,-5.243849206349206,35.01944609999209,9.359340655769092,14,18.34430768530742
423,pure,SC,pos,2,3,6.9567460317460315,26.39325480560294,7.053894057456505,14,13.825632352614749
424,pure,SC,pos,2,4,10.774603174603174,23.922945780686543,6.393676199549879,14,12.531605351117765
425,pure,SC,pos,2,5,3.8775793650793644,25.15467579251142,6.722869892211,14,13.17682498873356
426,pure,SC,pos,2,6,3.24186507936508,20.621889401518676,5.5114317720305435,14,10.802406273179866
427,pure,SC,pos,2,7,3.913293650793651,14.606212178729983,3.9036744065237534,14,7.651201836786556
428,pure,SC,pos,2,8,0.5257936507936501,21.634650529825688,5.782103568942504,14,11.332922995127308
429,pure,SC,pos,2,9,3.425198412698413,19.13419640489555,5.113829094168631,14,10.023105024570517
430,pure,SC,pos,2,10,2.14484126984127,17.103627993021654,4.571136858623074,14,8.959428242901225
431,pure,SC,pos,2,11,1.2025793650793646,20.84558188266593,5.57121610234843,14,10.919583560602922
432,pure,PS,neg,0,-6,3.913148148148148,7.045199128578047,1.8190625930465187,15,3.565362682371177
433,pure,PS,neg,0,-5,1.7231481481481477,15.729645580034097,4.061377024881144,15,7.960298968767042
434,pure,PS,neg,0,-4,2.6664814814814815,9.798987776762841,2.530087764606168,15,4.9589720186280895
435,pure,PS,neg,0,-3,-0.04018518518518519,12.04814411137718,3.110817433071385,15,6.097202168819915
436,pure,PS,neg,0,-2,-3.65574074074074,13.42430623417466,3.4661409652897905,15,6.793636291967989
437,pure,PS,neg,0,-1,-4.606851851851852,13.677833177950978,3.531601340693827,15,6.921938627759901
438,pure,PS,neg,0,0,49.97537037037037,20.19381930831579,5.214021725161921,15,10.219482581317367
439,pure,PS,neg,0,1,18.995370370370374,25.778158172879774,6.655891819964265,15,13.04554796712996
440,pure,PS,neg,0,2,12.46314814814815,25.33805543019312,6.5422577804278905,15,12.822825249638667
441,pure,PS,neg,0,3,5.686481481481482,20.822358031424542,5.3763097256317005,15,10.537567062238132
442,pure,PS,neg,0,4,3.7198148148148156,22.004337567093625,5.681495529445322,15,11.135731237712832
443,pure,PS,neg,0,5,9.994259259259259,22.626544216028794,5.8421485953936845,15,11.450611246971622
444,pure,PS,neg,0,6,6.76425925925926,16.752926475334046,4.325587015947072,15,8.478150551256258
445,pure,PS,neg,0,7,2.262037037037037,20.82031925972831,5.375783317043285,15,10.53653530140484
446,pure,PS,neg,0,8,2.0298148148148147,16.042987352584287,4.1422815226650105,15,8.11887178442342
447,pure,PS,neg,0,9,-0.9912962962962953,14.56367385632539,3.760324420342972,15,7.370235863872225
448,pure,PS,neg,0,10,0.3187037037037032,14.519057614876507,3.748804556336179,15,7.347656930418911
449,pure,PS,neg,0,11,-7.6957407407407405,15.913011812942507,4.108721982635215,15,8.05309508596502
450,pure,PS,neg,1,-6,2.622916666666667,11.747844846570567,2.936961211642642,16,5.756443974819578
451,pure,PS,neg,1,-5,-2.463541666666667,7.095817819662184,1.773954454915546,16,3.4769507316344703
452,pure,PS,neg,1,-4,-0.60625,10.020602567862138,2.5051506419655345,16,4.910095258252447
453,pure,PS,neg,1,-3,-1.3093750000000002,7.4767077184823245,1.8691769296205811,16,3.663586782056339
454,pure,PS,neg,1,-2,2.3239583333333336,8.435004096625105,2.1087510241562764,16,4.133152007346301
455,pure,PS,neg,1,-1,-0.5677083333333335,6.645949126279454,1.6614872815698636,16,3.2565150718769327
456,pure,PS,neg,1,0,50.034375,15.503082060330502,3.8757705150826256,16,7.596510209561946
457,pure,PS,neg,1,1,17.35625,18.53017660355259,4.6325441508881475,16,9.079786535740768
458,pure,PS,neg,1,2,7.1343749999999995,17.809990026032192,4.452497506508048,16,8.726895112755773
459,pure,PS,neg,1,3,1.868749999999999,17.934720806049548,4.483680201512387,16,8.788013194964279
460,pure,PS,neg,1,4,-1.1479166666666674,17.340883520027,4.33522088000675,16,8.497032924813231
461,pure,PS,neg,1,5,5.240625,13.647737262333536,3.411934315583384,16,6.687391258543433
462,pure,PS,neg,1,6,-0.25625000000000064,16.109427705794843,4.027356926448711,16,7.893619575839473
463,pure,PS,neg,1,7,3.1031250000000004,12.45511748308661,3.1137793707716526,16,6.103007566712439
464,pure,PS,neg,1,8,1.1520833333333333,13.308448092766492,3.327112023191623,16,6.521139565455582
465,pure,PS,neg,1,9,2.334374999999999,12.480669904719704,3.120167476179926,16,6.115528253312654
466,pure,PS,neg,1,10,-1.4531250000000004,11.55621449665929,2.8890536241648226,16,5.662545103363053
467,pure,PS,neg,1,11,-1.489583333333334,13.017917396953688,3.254479349238422,16,6.378779524507308
468,pure,PS,neg,2,-6,-4.5862847222222225,13.621794011333138,3.4054485028332846,16,6.674679065553238
469,pure,PS,neg,2,-5,-2.5008680555555554,8.791587397615258,2.1978968494038145,16,4.3078778248314755
470,pure,PS,neg,2,-4,-0.11649305555555522,9.44978070753627,2.3624451768840675,16,4.6303925466927724
471,pure,PS,neg,2,-3,0.7199652777777782,8.293783073701116,2.073445768425279,16,4.063953706113547
472,pure,PS,neg,2,-2,1.291840277777778,9.378373821936375,2.3445934554840937,16,4.5954031727488225
473,pure,PS,neg,2,-1,5.191840277777779,16.912460173618395,4.228115043404599,16,8.287105485073015
474,pure,PS,neg,2,0,48.50850694444444,13.908641083101879,3.4771602707754696,16,6.8152341307199205
475,pure,PS,neg,2,1,18.908506944444444,20.067935556984683,5.016983889246171,16,9.833288422922495
476,pure,PS,neg,2,2,7.780381944444445,11.972097982888492,2.993024495722123,16,5.866328011615361
477,pure,PS,neg,2,3,8.33767361111111,9.989332065352654,2.4973330163381635,16,4.8947727120228
478,pure,PS,neg,2,4,-1.8383680555555557,10.943384100672228,2.735846025168057,16,5.362258209329391
479,pure,PS,neg,2,5,2.5647569444444445,9.110347513098146,2.2775868782745365,16,4.464070281418092
480,pure,PS,neg,2,6,1.733506944444445,14.135511183122421,3.5338777957806053,16,6.9264004797299865
481,pure,PS,neg,2,7,0.6282986111111108,15.549505808336407,3.887376452084102,16,7.61925784608484
482,pure,PS,neg,2,8,-2.6842013888888885,15.517558046784924,3.879389511696231,16,7.603603442924612
483,pure,PS,neg,2,9,-3.923784722222222,14.43311603380282,3.608279008450705,16,7.072226856563383
484,pure,PS,neg,2,10,3.0345486111111115,20.82576682270927,5.206441705677317,16,10.20462574312754
485,pure,PS,neg,2,11,-4.3519097222222225,13.705272472220631,3.426318118055158,16,6.71558351138811
594,pure,PS,pos,0,-6,-0.9270833333333327,9.918691480817348,2.8632795982293717,12,5.612028012529567
595,pure,PS,pos,0,-5,0.5340277777777783,11.383198512211159,3.2860463626320304,12,6.440650870758778
596,pure,PS,pos,0,-4,-1.8590277777777768,10.326509988217532,2.981006660743376,12,5.842773055057017
597,pure,PS,pos,0,-3,-0.6687499999999996,4.933013276342148,1.4240382715060687,12,2.7911150121518946
598,pure,PS,pos,0,-2,0.08402777777777833,9.74237695355228,2.812381978340108,12,5.512268677546611
599,pure,PS,pos,0,-1,2.836805555555556,8.166632577833754,2.357503758592543,12,4.620707366841384
600,pure,PS,pos,0,0,-47.20902777777778,12.75341106221946,3.681592654929178,12,7.215921603661189
601,pure,PS,pos,0,1,-5.89236111111111,38.7976337894637,11.199912156133696,12,21.951827826022043
602,pure,PS,pos,0,2,-5.824305555555555,32.08239902275506,9.261390856018311,12,18.152326077795887
603,pure,PS,pos,0,3,-5.197916666666666,26.48654983203305,7.64600833771436,12,14.986176341920144
604,pure,PS,pos,0,4,-7.678472222222222,19.486540367814225,5.625279663466026,12,11.025548140393411
605,pure,PS,pos,0,5,5.507638888888889,20.222132350956088,5.837626778206369,12,11.441748485284483
606,pure,PS,pos,0,6,2.8854166666666665,18.222266611372703,5.26031526666058,12,10.310217922654735
607,pure,PS,pos,0,7,0.7576388888888896,12.38525953117663,3.575316462154103,12,7.007620265822043
608,pure,PS,pos,0,8,6.617361111111112,16.802051731117256,4.850334544949283,12,9.506655708100595
609,pure,PS,pos,0,9,2.2159722222222222,17.95673399899029,5.183662604041775,12,10.159978703921878
610,pure,PS,pos,0,10,11.920138888888891,19.144081742821037,5.526420373802963,12,10.831783932653806
611,pure,PS,pos,0,11,7.986805555555556,13.889604987852415,4.009583589337081,12,7.8587838351006765
612,pure,PS,pos,1,-6,-1.5753968253968258,9.293545022362697,2.5775656237662945,13,5.052028622581937
613,pure,PS,pos,1,-5,0.168192918192918,9.028174999758933,2.503965221960994,13,4.9077718350435475
614,pure,PS,pos,1,-4,-0.3025030525030526,7.4846524373841,2.0758690878473,13,4.068703412180708
615,pure,PS,pos,1,-3,-0.8003052503052509,7.382545781445043,2.0475497968046517,13,4.013197601737117
616,pure,PS,pos,1,-2,1.3793650793650796,9.014760387893734,2.5002446780440386,13,4.9004795689663165
617,pure,PS,pos,1,-1,1.1306471306471308,8.955302382886014,2.483753994521567,13,4.868157829262271
618,pure,PS,pos,1,0,-52.69884004884005,13.907341988804365,3.857202665080575,13,7.560117223557928
619,pure,PS,pos,1,1,-9.992429792429792,33.461206924818455,9.280469023564898,13,18.1897192861872
620,pure,PS,pos,1,2,-12.546275946275946,23.28113430281743,6.457024883059371,13,12.655768770796369
621,pure,PS,pos,1,3,-3.833089133089133,21.3803478584428,5.929841576220939,13,11.62248948939304
622,pure,PS,pos,1,4,-0.025946275946275923,17.6514664171139,4.895635942618062,13,9.595446447531401
623,pure,PS,pos,1,5,4.621306471306471,12.137049507256561,3.366211871635268,13,6.597775268405125
624,pure,PS,pos,1,6,9.194383394383395,20.20912790154018,5.605003606262546,13,10.985807068274587
625,pure,PS,pos,1,7,5.905921855921855,12.56204858925051,3.4840854087240607,13,6.828807401099159
626,pure,PS,pos,1,8,3.6522588522588526,14.474567580364814,4.014522738551851,13,7.86846456756163
627,pure,PS,pos,1,9,5.603174603174604,11.738912177418209,3.2557884441423064,13,6.38134535051892
628,pure,PS,pos,1,10,7.005006105006105,13.038830968107833,3.616321048278505,13,7.087989254625869
629,pure,PS,pos,1,11,5.163797313797314,12.921168922868311,3.5836874684871924,13,7.024027438234897
630,pure,PS,pos,2,-6,3.426068376068376,6.168459922201613,1.7108229646263482,13,3.3532130106676434
631,pure,PS,pos,2,-5,-0.24829059829059857,7.272488937267057,2.0170255202739225,13,3.9533700197368877
632,pure,PS,pos,2,-4,3.646581196581196,7.054472535886422,1.956558649960844,13,3.8348549539232546
633,pure,PS,pos,2,-3,-1.218803418803419,6.410058240645299,1.7778302819505472,13,3.484547352623072
634,pure,PS,pos,2,-2,-3.4021367521367525,9.05620930055055,2.511740538036068,13,4.923011454550693
635,pure,PS,pos,2,-1,-2.2034188034188036,11.474592681399207,3.182479405988359,13,6.237659635737184
636,pure,PS,pos,2,0,-54.786752136752135,9.437806705686274,2.61757661578998,13,5.130450166948361
637,pure,PS,pos,2,1,-20.07008547008547,30.693418098180256,8.512822520941794,13,16.685132141045916
638,pure,PS,pos,2,2,-22.557264957264955,33.094370273499116,9.178726842330175,13,17.990304610967144
639,pure,PS,pos,2,3,-18.636752136752136,28.817497996603855,7.992535896718153,13,15.66537035756758
640,pure,PS,pos,2,4,-12.505982905982906,31.017509384762665,8.602709271072868,13,16.861310171302822
641,pure,PS,pos,2,5,-7.679059829059829,23.1421280583521,6.418471487518645,13,12.580204115536544
642,pure,PS,pos,2,6,-3.8393162393162403,18.48124678071375,5.125775607874401,13,10.046520191433824
643,pure,PS,pos,2,7,3.436324786324785,12.544736892029665,3.479284007801363,13,6.819396655290671
644,pure,PS,pos,2,8,7.832478632478632,10.184595630114115,2.8246985972494554,13,5.536409250608932
645,pure,PS,pos,2,9,11.841452991452993,14.519424226293877,4.02696373370128,13,7.89284891805451
646,pure,PS,pos,2,10,7.285042735042735,14.474278952917457,4.014442687701009,13,7.868307667893977
647,pure,PS,pos,2,11,9.713247863247862,13.966107985611048,3.873501420060594,13,7.592062783318762
648,comb,SC,neg,0,-6,-3.183556547619048,11.62751276582216,2.90687819145554,16,5.697481255252859
649,comb,SC,neg,0,-5,-0.006473214285714679,9.489769698736314,2.3724424246840785,16,4.649987152380795
650,comb,SC,neg,0,-4,-0.920610119047619,9.960712882882948,2.490178220720737,16,4.880749312612645
651,comb,SC,neg,0,-3,0.9389136904761903,8.028159783545407,2.0070399458863517,16,3.933798293937249
652,comb,SC,neg,0,-2,-1.9093005952380955,10.991274389539868,2.747818597384967,16,5.385724450874535
653,comb,SC,neg,0,-1,5.081026785714285,11.26466177108253,2.8161654427706324,16,5.519684267830439
654,comb,SC,neg,0,0,56.65930059523809,15.831413328554202,3.9578533321385505,16,7.757392530991558
655,comb,SC,neg,0,1,56.05438988095238,23.516185690005837,5.879046422501459,16,11.52293098810286
656,comb,SC,neg,0,2,40.085788690476186,34.27914404829643,8.569786012074108,16,16.796780583665253
657,comb,SC,neg,0,3,27.718973214285715,39.11107883366217,9.777769708415542,16,19.164428628494466
658,comb,SC,neg,0,4,16.549181547619046,23.81893653468111,5.954734133670278,16,11.671278901993746
659,comb,SC,neg,0,5,13.325372023809523,19.883225303052185,4.970806325763046,16,9.742780398495572
660,comb,SC,neg,0,6,5.103348214285713,24.48945912497856,6.12236478124464,16,11.999834971239496
661,comb,SC,neg,0,7,7.453645833333333,22.36541418727275,5.591353546818188,16,10.959052951763647
662,comb,SC,neg,0,8,6.933258928571428,21.7035019084828,5.4258754771207,16,10.63471593515657
663,comb,SC,neg,0,9,0.5567708333333332,18.754154463441736,4.688538615860434,16,9.189535687086451
664,comb,SC,neg,0,10,-2.1142113095238098,20.249971775177794,5.062492943794449,16,9.92248616983712
665,comb,SC,neg,0,11,-1.1292410714285712,18.222942039203758,4.5557355098009396,16,8.929241599209842
666,comb,SC,neg,1,-6,-2.298635912698413,11.92956357134607,2.9823908928365177,16,5.845486149959576
667,comb,SC,neg,1,-5,0.030233134920635146,14.899127014367828,3.724781753591957,16,7.300572237040235
668,comb,SC,neg,1,-4,1.7535962301587302,6.249213506353222,1.5623033765883054,16,3.0621146181130787
669,comb,SC,neg,1,-3,-0.5102430555555557,8.463469231883767,2.115867307970942,16,4.1470999236230455
670,comb,SC,neg,1,-2,-1.6233382936507934,11.834625464159688,2.958656366039922,16,5.798966477438247
671,comb,SC,neg,1,-1,2.6483878968253967,9.675645741044296,2.418911435261074,16,4.741066413111704
672,comb,SC,neg,1,0,51.48945932539682,21.100017540636863,5.275004385159216,16,10.339008594912062
673,comb,SC,neg,1,1,54.966096230158726,20.26084895448058,5.065212238620145,16,9.927815987695483
674,comb,SC,neg,1,2,33.108804563492065,24.08981932450547,6.0224548311263675,16,11.804011469007682
675,comb,SC,neg,1,3,10.357614087301586,21.177924502443158,5.2944811256107895,16,10.377183006197148
676,comb,SC,neg,1,4,2.491245039682539,14.203368586752651,3.550842146688163,16,6.959650607508799
677,comb,SC,neg,1,5,-6.367832341269842,14.2033803809222,3.55084509523055,16,6.959656386651878
678,comb,SC,neg,1,6,-6.998635912698413,15.428291263329786,3.8570728158324465,16,7.559862719031594
679,comb,SC,neg,1,7,-4.4075644841269845,19.800087241836696,4.950021810459174,16,9.702042748499979
680,comb,SC,neg,1,8,0.9573164682539685,18.365224373246388,4.591306093311597,16,8.998959942890728
681,comb,SC,neg,1,9,-5.898487103174603,23.59467491466962,5.898668728667405,16,11.561390708188114
682,comb,SC,neg,1,10,-6.339260912698412,21.909923138437534,5.477480784609384,16,10.735862337834392
683,comb,SC,neg,1,11,-3.2060763888888895,18.586788285896038,4.6466970714740095,16,9.107526260089058
684,comb,SC,neg,2,-6,-1.667361111111111,11.306512494763302,2.8266281236908255,16,5.540191122434018
685,comb,SC,neg,2,-5,2.5159722222222225,9.89915522541973,2.4747888063549324,16,4.850586060455667
686,comb,SC,neg,2,-4,-0.4111111111111111,9.041361461538264,2.260340365384566,16,4.430267116153749
687,comb,SC,neg,2,-3,1.6972222222222229,8.833456032224932,2.208364008056233,16,4.328393455790216
688,comb,SC,neg,2,-2,0.2128472222222222,10.627882899859573,2.6569707249648933,16,5.207662620931191
689,comb,SC,neg,2,-1,-2.3475694444444444,12.604575516274764,3.151143879068691,16,6.176242002974634
690,comb,SC,neg,2,0,44.82951388888889,16.801112356466437,4.200278089116609,16,8.232545054668554
691,comb,SC,neg,2,1,49.49722222222222,29.518222470516918,7.379555617629229,16,14.463929010553292
692,comb,SC,neg,2,2,26.60972222222222,34.776164159110465,8.694041039777616,16,17.040320437964127
693,comb,SC,neg,2,3,9.36076388888889,25.607401452132127,6.401850363033032,16,12.547626711544742
694,comb,SC,neg,2,4,4.82013888888889,19.008332386163723,4.752083096540931,16,9.314082869220224
695,comb,SC,neg,2,5,-4.881944444444445,20.777057944552105,5.194264486138026,16,10.180758392830532
696,comb,SC,neg,2,6,-3.9350694444444443,16.94591596145318,4.236478990363295,16,8.30349882111206
697,comb,SC,neg,2,7,-1.259027777777777,14.395660014857759,3.5989150037144397,16,7.0538734072803
698,comb,SC,neg,2,8,-5.536111111111111,23.848931591705394,5.962232897926349,16,11.685976479935643
699,comb,SC,neg,2,9,-7.367361111111111,23.635356886762025,5.908839221690506,16,11.581324874513394
700,comb,SC,neg,2,10,-9.675694444444444,24.407622571833034,6.1019056429582585,16,11.959735060198186
701,comb,SC,neg,2,11,-7.099652777777777,21.248620939880023,5.312155234970006,16,10.411824260541211
702,comb,SC,pos,0,-6,-1.9312962962962963,7.6388273782997285,1.9723367480472074,15,3.8657800261725264
703,comb,SC,pos,0,-5,2.8142592592592597,9.351109528398784,2.4144460981366653,15,4.732314352347864
704,comb,SC,pos,0,-4,0.8431481481481481,9.097728743118402,2.3490234606940072,15,4.604085982960253
705,comb,SC,pos,0,-3,2.183148148148148,11.93528079027142,3.0816762488687006,15,6.040085447782653
706,comb,SC,pos,0,-2,-1.6024074074074073,9.002856069133202,2.324527441603684,15,4.55607378554322
707,comb,SC,pos,0,-1,-2.306851851851852,8.968162619518852,2.3155696314317598,15,4.538516477606249
708,comb,SC,pos,0,0,-51.8512962962963,8.920960610428457,2.3033821250907844,15,4.514628965177937
709,comb,SC,pos,0,1,-37.36018518518519,14.916403838343474,3.851398910080577,15,7.5487418637579315
710,comb,SC,pos,0,2,-23.89574074074074,33.4577358474307,8.638750249260399,15,16.93195048855038
711,comb,SC,pos,0,3,-1.8712962962962958,33.01292663866463,8.523901005407687,15,16.706845970599066
712,comb,SC,pos,0,4,2.842037037037037,38.7777879523493,10.01238179614743,15,19.62426832044896
713,comb,SC,pos,0,5,5.769814814814813,38.26476697731656,9.87992034997697,15,19.364643885954862
714,comb,SC,pos,0,6,5.509814814814815,37.23333028204471,9.613604540413299,15,18.842664899210067
715,comb,SC,pos,0,7,6.73648148148148,32.65498137336787,8.43147993531781,15,16.52570067322291
716,comb,SC,pos,0,8,4.870925925925926,35.9108219299871,9.272134352230674,15,18.173383330372125
717,comb,SC,pos,0,9,9.873148148148148,32.186761184251516,8.310586002330762,15,16.28874856456829
718,comb,SC,pos,0,10,8.049814814814814,28.181649561142912,7.27647062793067,15,14.26188243074411
719,comb,SC,pos,0,11,5.566481481481481,32.3147240512059,8.343625872507248,15,16.353506710114207
720,comb,SC,pos,1,-6,-4.6984375,10.020254640191014,2.5050636600477536,16,4.9099247736935965
721,comb,SC,pos,1,-5,-3.1432291666666665,9.804485303503453,2.4511213258758633,16,4.804197798716692
722,comb,SC,pos,1,-4,-0.5869791666666668,6.449504536330375,1.6123761340825937,16,3.1602572228018837
723,comb,SC,pos,1,-3,2.0578125,9.229059503530229,2.307264875882557,16,4.522239156729812
724,comb,SC,pos,1,-2,2.2182291666666667,11.79770837100816,2.94942709275204,16,5.780877101793998
725,comb,SC,pos,1,-1,4.152604166666666,8.17300915645844,2.04325228911461,16,4.004774486664635
726,comb,SC,pos,1,0,-46.216145833333336,10.606604589812891,2.6516511474532227,16,5.197236249008317
727,comb,SC,pos,1,1,-34.26510416666667,23.90473950821268,5.97618487705317,16,11.713322359024213
728,comb,SC,pos,1,2,-14.7640625,27.287159367106614,6.821789841776654,16,13.370708089882244
729,comb,SC,pos,1,3,-1.4942708333333332,20.954696907822694,5.238674226955673,16,10.26780148483312
730,comb,SC,pos,1,4,7.486979166666667,20.564039483410287,5.141009870852572,16,10.07637934687104
731,comb,SC,pos,1,5,9.943229166666667,18.891278442774002,4.7228196106935005,16,9.25672643695926
732,comb,SC,pos,1,6,7.620312500000001,20.730368762061605,5.182592190515401,16,10.157880693410187
733,comb,SC,pos,1,7,8.694270833333334,16.592261368286387,4.148065342071597,16,8.130208070460329
734,comb,SC,pos,1,8,13.2140625,11.780409754341973,2.945102438585493,16,5.772400779627566
735,comb,SC,pos,1,9,8.933854166666666,23.284201695118536,5.821050423779634,16,11.409258830608085
736,comb,SC,pos,1,10,11.258854166666667,19.95265234539002,4.988163086347505,16,9.77679964924111
737,comb,SC,pos,1,11,15.736979166666668,16.904043935009714,4.2260109837524285,16,8.28298152815476
738,comb,SC,pos,2,-6,3.6557787698412705,7.968222332786689,1.9920555831966722,16,3.9044289430654775
739,comb,SC,pos,2,-5,1.2048859126984128,7.333584639923618,1.8333961599809045,16,3.593456473562573
740,comb,SC,pos,2,-4,-0.89719742063492,7.072060829383564,1.768015207345891,16,3.4653098063979466
741,comb,SC,pos,2,-3,0.2809275793650798,7.1883194910679835,1.7970798727669959,16,3.522276550623312
742,comb,SC,pos,2,-2,-1.8562748015873012,7.458350909076118,1.8645877272690294,16,3.654591945447298
743,comb,SC,pos,2,-1,-2.3881200396825393,7.2635893331467765,1.8158973332866941,16,3.5591587732419203
744,comb,SC,pos,2,0,-53.41639384920635,10.329839375409843,2.582459843852461,16,5.061621293950824
745,comb,SC,pos,2,1,-55.974131944444444,19.700124009128224,4.925031002282056,16,9.65306076447283
746,comb,SC,pos,2,2,-30.851215277777776,36.07918282247277,9.019795705618192,16,17.678799583011656
747,comb,SC,pos,2,3,-12.946899801587302,32.16477515962941,8.041193789907352,16,15.760739828218405
748,comb,SC,pos,2,4,-3.8324652777777763,37.33314219590181,9.333285548975452,16,18.293239675991884
749,comb,SC,pos,2,5,-6.233953373015872,31.875383290261503,7.968845822565376,16,15.618937812228136
750,comb,SC,pos,2,6,-2.0123759920634905,22.770021797349585,5.692505449337396,16,11.157310680701295
751,comb,SC,pos,2,7,-1.2669890873015868,27.466267877340474,6.866566969335119,16,13.458471259896832
752,comb,SC,pos,2,8,-1.271155753968253,22.619660688210146,5.654915172052537,16,11.083633737222971
753,comb,SC,pos,2,9,5.698933531746032,18.106933672056595,4.526733418014149,16,8.87239749930773
754,comb,SC,pos,2,10,5.050570436507937,20.09880285401658,5.024700713504145,16,9.848413398468121
755,comb,SC,pos,2,11,4.381820436507937,20.286781656998084,5.071695414249521,16,9.940523011929061
756,comb,PS,neg,0,-6,-0.44357638888888856,10.303640768443636,2.575910192110909,16,5.048783976537381
757,comb,PS,neg,0,-5,-1.3144097222222222,7.622320362905471,1.9055800907263678,16,3.73493697782368
758,comb,PS,neg,0,-4,-1.101909722222222,8.293055111666252,2.073263777916563,16,4.063597004716463
759,comb,PS,neg,0,-3,0.9907986111111113,8.094428284812539,2.0236070712031347,16,3.966269859558144
760,comb,PS,neg,0,-2,0.29288194444444465,10.191397817474432,2.547849454368608,16,4.993784930562472
761,comb,PS,neg,0,-1,1.576215277777778,8.29050308038508,2.07262577009627,16,4.062346509388689
762,comb,PS,neg,0,0,51.798090277777774,15.13281970489757,3.7832049262243923,16,7.415081655399809
763,comb,PS,neg,0,1,8.427256944444446,35.66537907590979,8.916344768977448,16,17.476035747195798
764,comb,PS,neg,0,2,-0.985243055555555,30.810436305046967,7.702609076261742,16,15.097113789473013
765,comb,PS,neg,0,3,-8.699826388888889,20.896833779424263,5.224208444856066,16,10.239448551917887
766,comb,PS,neg,0,4,-8.097743055555554,19.988641430404464,4.997160357601116,16,9.794434300898187
767,comb,PS,neg,0,5,-6.440451388888889,21.46826088150812,5.36706522037703,16,10.519447831938978
768,comb,PS,neg,0,6,-11.150868055555554,16.795686380328977,4.198921595082244,16,8.229886326361198
769,comb,PS,neg,0,7,-6.136284722222222,21.601997041996317,5.400499260499079,16,10.584978550578194
770,comb,PS,neg,0,8,-3.258159722222222,20.404515922451537,5.101128980612884,16,9.998212802001252
771,comb,PS,neg,0,9,-6.764409722222222,18.957109870134307,4.739277467533577,16,9.28898383636581
772,comb,PS,neg,0,10,-8.222743055555554,22.118422558586666,5.529605639646666,16,10.838027053707465
773,comb,PS,neg,0,11,-0.8060763888888886,19.229105201505497,4.807276300376374,16,9.422261548737694
774,comb,PS,neg,1,-6,0.8615740740740743,9.359522190649205,2.206060536558008,18,4.323878651653696
775,comb,PS,neg,1,-5,3.766203703703704,11.165289246575522,2.631683913387597,18,5.15810047023969
776,comb,PS,neg,1,-4,-3.196759259259259,11.225318453105835,2.645832933056541,18,5.1858325487908195
777,comb,PS,neg,1,-3,1.7699074074074075,7.188398944447338,1.6943218798309778,18,3.3208708844687163
778,comb,PS,neg,1,-2,-1.1282407407407407,8.289051752088518,1.9537482345026749,18,3.829346539625243
779,comb,PS,neg,1,-1,-2.072685185185185,11.473302669927843,2.7042833735039,18,5.300395412067644
780,comb,PS,neg,1,0,50.55231481481482,17.402411900394164,4.101787821256729,18,8.03950412966319
781,comb,PS,neg,1,1,0.881018518518519,33.19729170180035,7.824676693123645,18,15.336366318522344
782,comb,PS,neg,1,2,-5.033796296296297,18.778451525455974,4.426123471277596,18,8.675202003704088
783,comb,PS,neg,1,3,-4.9884259259259265,12.295132141365476,2.897990437581402,18,5.680061257659546
784,comb,PS,neg,1,4,-6.131944444444445,13.452763936285274,3.1708468683497166,18,6.214859861965443
785,comb,PS,neg,1,5,-2.8865740740740744,24.87258143123421,5.8625236652134385,18,11.49054638381834
786,comb,PS,neg,1,6,-1.538425925925926,13.551167531841488,3.194040818253362,18,6.260320003776589
787,comb,PS,neg,1,7,1.9402777777777775,14.604892009094522,3.442406059375986,18,6.747115876376934
788,comb,PS,neg,1,8,1.661574074074074,18.806937279686128,4.4328376279387145,18,8.688361750759881
789,comb,PS,neg,1,9,-0.8986111111111111,14.925043662633547,3.517866527784496,18,6.895018394457613
790,comb,PS,neg,1,10,0.4384259259259259,14.403968561523271,3.3950479486169822,18,6.654293979289285
791,comb,PS,neg,1,11,-2.1273148148148144,19.33630222513679,4.557610142155585,18,8.932915878624947
792,comb,PS,neg,2,-6,-2.113234861845973,8.253836535848412,1.9454479284345652,18,3.813077939731748
793,comb,PS,neg,2,-5,-4.326021457965903,8.781552882919048,2.0698318642867783,18,4.056870454002086
794,comb,PS,neg,2,-4,1.9392783656672543,7.638556986155562,1.8004251477968252,18,3.528833289681777
795,comb,PS,neg,2,-3,1.4905349794238683,7.590055620278784,1.7889932662273986,18,3.506426801805701
796,comb,PS,neg,2,-2,1.3235596707818926,7.3907567300096755,1.7420180672966519,18,3.4143554119014374
797,comb,PS,neg,2,-1,1.6858833039388594,8.762420587411201,2.065322338989024,18,4.048031784418488
798,comb,PS,neg,2,0,53.2125367430923,10.196674246762099,2.403379168478571,18,4.710623170217999
799,comb,PS,neg,2,1,6.412382422104645,20.271349432359983,4.778002882474605,18,9.364885649650226
800,comb,PS,neg,2,2,-2.8078115814226923,18.815426919316202,4.434838655189466,18,8.692283764171354
801,comb,PS,neg,2,3,-2.107502939447384,14.276500256100487,3.365003380900046,18,6.59540662656409
802,comb,PS,neg,2,4,-2.8643592004703113,13.19246757858657,3.1094944284674124,18,6.094609079796128
803,comb,PS,neg,2,5,-0.36563786008230437,12.82814984777596,3.0236239158131863,18,5.926302874993845
804,comb,PS,neg,2,6,-3.2351263962375074,15.2865856239008,3.6030827852830156,18,7.062042259154711
805,comb,PS,neg,2,7,1.5717519106407996,14.111973357660414,3.3262240190418573,18,6.519399077322041
806,comb,PS,neg,2,8,3.5319150499706056,13.090888333471343,3.085551970784483,18,6.047681862737587
807,comb,PS,neg,2,9,4.14811875367431,17.861889562758094,4.210087744877155,18,8.251771979959225
808,comb,PS,neg,2,10,3.104379776601999,19.602261876209848,4.620297433087507,18,9.055782968851513
809,comb,PS,neg,2,11,-0.31186801881246307,15.456790829567302,3.643200536989694,18,7.1406730524998
810,comb,PS,pos,0,-6,-1.0896825396825391,9.090684408028714,2.429587604723667,14,4.761991705258386
811,comb,PS,pos,0,-5,-3.207539682539682,14.557079111746136,3.890543042022684,14,7.62546436236446
812,comb,PS,pos,0,-4,3.3853174603174603,8.120353915146252,2.170255872130405,14,4.253701509375594
813,comb,PS,pos,0,-3,3.175793650793651,10.819126364248577,2.8915331485165274,14,5.6674049710923935
814,comb,PS,pos,0,-2,1.125793650793651,14.076250871251972,3.7620362893216477,14,7.37359112707043
815,comb,PS,pos,0,-1,-3.389682539682539,10.665429027456403,2.850455807406819,14,5.586893382517366
816,comb,PS,pos,0,0,-52.506349206349206,14.680695320254705,3.9235808634291893,14,7.69021849232121
817,comb,PS,pos,0,1,9.236507936507937,22.567124913210815,6.031317830697535,14,11.821382948167168
818,comb,PS,pos,0,2,6.856746031746033,28.436710034409057,7.6000304396996645,14,14.896059661811343
819,comb,PS,pos,0,3,5.82936507936508,14.22534528153119,3.801883446575072,14,7.451691555287142
820,comb,PS,pos,0,4,3.201984126984127,15.242244008284532,4.073661063186333,14,7.984375683845214
821,comb,PS,pos,0,5,7.891269841269841,10.939052798858294,2.9235848363684496,14,5.73022627928216
822,comb,PS,pos,0,6,5.5436507936507935,17.96681914015175,4.801834396612874,14,9.411595417361232
823,comb,PS,pos,0,7,4.1531746031746035,13.79088606759449,3.685769337498054,14,7.224107901496186
824,comb,PS,pos,0,8,2.5329365079365083,8.001452107137752,2.1384780272564203,14,4.191416933422583
825,comb,PS,pos,0,9,-3.0753968253968256,12.046539563395323,3.2195731244601884,14,6.310363323941969
826,comb,PS,pos,0,10,-0.26349206349206306,16.531916340902264,4.418340492461842,14,8.659947365225209
827,comb,PS,pos,0,11,-1.6968253968253963,11.102592934463697,2.967292776112876,14,5.815893841181237
828,comb,PS,pos,1,-6,-1.4412698412698413,10.37277555743348,2.772240877558512,14,5.433592120014683
829,comb,PS,pos,1,-5,-2.6222222222222222,9.196722998581102,2.4579276101253407,14,4.817538115845668
830,comb,PS,pos,1,-4,1.0658730158730163,8.915056330649069,2.382649026648491,14,4.669992092231043
831,comb,PS,pos,1,-3,1.7361111111111112,8.070440124223119,2.156915850379731,14,4.227555066744273
832,comb,PS,pos,1,-2,0.026587301587301684,6.859917342623934,1.8333900284062508,14,3.5934444556762513
833,comb,PS,pos,1,-1,1.2349206349206352,8.464725330569893,2.2622930042956666,14,4.434094288419506
834,comb,PS,pos,1,0,-49.817460317460316,8.141477114539246,2.17590128463334,14,4.2647665178813465
835,comb,PS,pos,1,1,9.14563492063492,14.934973872762928,3.9915396651642308,14,7.823417743721891
836,comb,PS,pos,1,2,13.636111111111111,16.78236854892839,4.485276660618613,14,8.791142254812481
837,comb,PS,pos,1,3,5.66468253968254,24.125342195993877,6.44776891686354,14,12.637627077052537
838,comb,PS,pos,1,4,3.6587301587301586,13.063939291114549,3.4914846392117913,14,6.843309892855111
839,comb,PS,pos,1,5,5.752777777777778,8.095694721853073,2.1636654255063115,14,4.240784233992369
840,comb,PS,pos,1,6,3.282539682539683,13.282633415903158,3.5499331026017455,14,6.957868881099421
841,comb,PS,pos,1,7,5.994444444444445,14.144721522923795,3.7803358407220125,14,7.409458247815143
842,comb,PS,pos,1,8,5.707539682539683,11.450896313703703,3.060380769810854,14,5.998346308829274
843,comb,PS,pos,1,9,11.352777777777778,9.09294846438043,2.4301926992359864,14,4.763177690502533
844,comb,PS,pos,1,10,9.087301587301587,7.793742065133541,2.082965183472693,14,4.08261175960648
845,comb,PS,pos,1,11,6.115873015873016,11.834341598059343,3.162860832713205,14,6.199207232117881
846,comb,PS,pos,2,-6,-2.225396825396825,8.436451096010321,2.2547363972531524,14,4.41928333861618
847,comb,PS,pos,2,-5,-0.3670634920634917,8.04006570405822,2.1487979451240906,14,4.211643972443217
848,comb,PS,pos,2,-4,1.1507936507936507,7.603061079802297,2.0320035465239803,14,3.9827269511870003
849,comb,PS,pos,2,-3,6.007936507936508,8.867795408919969,2.370018014013246,14,4.6452353074659625
850,comb,PS,pos,2,-2,0.7341269841269845,6.393755804046628,1.7088031166742734,14,3.3492541086815764
851,comb,PS,pos,2,-1,-5.300396825396825,9.331898919151135,2.494054894533543,14,4.8883475932857445
852,comb,PS,pos,2,0,-49.68611111111112,13.514492546315807,3.6119000617445653,14,7.079324121019348
853,comb,PS,pos,2,1,3.9246031746031744,20.114295294306032,5.375771540549464,14,10.536512219476949
854,comb,PS,pos,2,2,20.088888888888892,15.358126400499286,4.104631935245431,14,8.045078593081044
855,comb,PS,pos,2,3,9.807936507936509,17.863132000664148,4.77412284294307,14,9.357280772168417
856,comb,PS,pos,2,4,5.724603174603175,18.114065318586796,4.841187593128282,14,9.488727682531433
857,comb,PS,pos,2,5,7.572222222222223,16.5742715294864,4.429660392764273,14,8.682134369817975
858,comb,PS,pos,2,6,4.699603174603175,11.874103647739231,3.1734876874916353,14,6.220035867483605
859,comb,PS,pos,2,7,8.648412698412699,11.100708255890273,2.966789074576737,14,5.814906586170404
860,comb,PS,pos,2,8,9.582936507936509,9.564759397786178,2.5562894752458662,14,5.010327371481898
861,comb,PS,pos,2,9,9.30079365079365,8.669373305476018,2.3169874762239404,14,4.541295453398923
862,comb,PS,pos,2,10,7.9829365079365076,8.345308052857195,2.2303773943483702,14,4.371539692922805
863,comb,PS,pos,2,11,4.746031746031746,9.67894431736384,2.5868066786598627,14,5.070141090173329
