,Context,Type,Sign,Block,Relative_beep,mean_asyn,std_asyn,sem_asyn,n_subj,ci_asyn
223,pure,SC,neg,0,1,50.074259259259264,24.018607468026026,6.201577781517193,15,12.155092451773701
224,pure,SC,neg,0,2,28.33648148148148,24.852917153418538,6.416995615990842,15,12.577311407342052
225,pure,SC,neg,0,3,5.842037037037037,29.261970256498127,7.555408232042268,15,14.808600134802845
226,pure,SC,neg,0,4,8.790925925925926,23.5235584817628,6.0737566828935705,15,11.904563098471398
227,pure,SC,neg,0,5,5.854259259259259,27.465580951042128,7.091582507819855,15,13.899501715326918
228,pure,SC,neg,0,6,5.09537037037037,27.983475941686613,7.225302419409878,15,14.16159274204336
241,pure,SC,neg,1,1,55.82907407407408,16.264999212050974,4.199604738290012,15,8.231225287048424
242,pure,SC,neg,1,2,23.69669312169312,20.7520207653549,5.3581487216246675,15,10.50197149438435
243,pure,SC,neg,1,3,5.482724867724867,14.310338892012641,3.694913613823284,15,7.2420306830936365
244,pure,SC,neg,1,4,0.1419312169312164,15.198702666566762,3.924288154104755,15,7.691604782045319
245,pure,SC,neg,1,5,0.02367724867724726,12.842356734288288,3.3158822505302137,15,6.499129211039219
246,pure,SC,neg,1,6,-1.035211640211642,16.797435933527446,4.337079308635856,15,8.500675444926276
259,pure,SC,neg,2,1,50.45055555555555,18.751320035838003,4.841570014547069,15,9.489477228512257
260,pure,SC,neg,2,2,19.265,30.085756999790465,7.76810905454878,15,15.225493746915605
261,pure,SC,neg,2,3,2.8350000000000004,18.74821110807872,4.840767292851319,15,9.487903893988586
262,pure,SC,neg,2,4,-0.6983333333333328,16.79879559699743,4.337430372234235,15,8.5013635295791
263,pure,SC,neg,2,5,-0.07166666666666603,16.058320435301503,4.146240507598997,15,8.126631394894034
264,pure,SC,neg,2,6,-2.057222222222221,22.560997046728776,5.825224389054351,15,11.417439802546525
385,pure,SC,pos,0,1,-43.61388888888889,19.203457906951176,5.132340009224737,14,10.059386418080484
386,pure,SC,pos,0,2,-11.199603174603174,31.784530501843644,8.494773095526066,14,16.64975526723109
387,pure,SC,pos,0,3,12.6765873015873,32.67642065977724,8.733140766784867,14,17.11695590289834
388,pure,SC,pos,0,4,13.584920634920636,27.062088878293462,7.232647482357119,14,14.17598906541995
389,pure,SC,pos,0,5,20.838492063492062,22.582081941368358,6.035315264618239,14,11.829217918651748
390,pure,SC,pos,0,6,16.70277777777778,16.17078115322241,4.3218230537042475,14,8.470773185260326
403,pure,SC,pos,1,1,-49.87857142857143,30.597428194125982,8.177506658488339,14,16.027913050637142
404,pure,SC,pos,1,2,-12.175850340136055,31.046393128146892,8.297497584329896,14,16.263095265286598
405,pure,SC,pos,1,3,10.247619047619049,23.9963767904799,6.413301462422134,14,12.570070866347383
406,pure,SC,pos,1,4,15.915306122448978,21.02638838658922,5.619538673132812,14,11.014295799340312
407,pure,SC,pos,1,5,15.532312925170066,18.884136194433886,5.046997691767764,14,9.89211547586482
408,pure,SC,pos,1,6,14.543877551020406,20.200052157482336,5.398691026304477,14,10.581434411556774
421,pure,SC,pos,2,1,-44.99265873015873,20.262971283394027,5.41550687003568,14,10.614393465269936
422,pure,SC,pos,2,2,-5.243849206349206,35.01944609999209,9.359340655769092,14,18.34430768530742
423,pure,SC,pos,2,3,6.9567460317460315,26.39325480560294,7.053894057456505,14,13.825632352614749
424,pure,SC,pos,2,4,10.774603174603174,23.922945780686543,6.393676199549879,14,12.531605351117765
425,pure,SC,pos,2,5,3.8775793650793644,25.15467579251142,6.722869892211,14,13.17682498873356
426,pure,SC,pos,2,6,3.24186507936508,20.621889401518676,5.5114317720305435,14,10.802406273179866
440,pure,PS,neg,0,2,12.46314814814815,25.33805543019312,6.5422577804278905,15,12.822825249638667
441,pure,PS,neg,0,3,5.686481481481482,20.822358031424542,5.3763097256317005,15,10.537567062238132
442,pure,PS,neg,0,4,3.7198148148148156,22.004337567093625,5.681495529445322,15,11.135731237712832
443,pure,PS,neg,0,5,9.994259259259259,22.626544216028794,5.8421485953936845,15,11.450611246971622
444,pure,PS,neg,0,6,6.76425925925926,16.752926475334046,4.325587015947072,15,8.478150551256258
458,pure,PS,neg,1,2,7.1343749999999995,17.809990026032192,4.452497506508048,16,8.726895112755773
459,pure,PS,neg,1,3,1.868749999999999,17.934720806049548,4.483680201512387,16,8.788013194964279
460,pure,PS,neg,1,4,-1.1479166666666674,17.340883520027,4.33522088000675,16,8.497032924813231
461,pure,PS,neg,1,5,5.240625,13.647737262333536,3.411934315583384,16,6.687391258543433
462,pure,PS,neg,1,6,-0.25625000000000064,16.109427705794843,4.027356926448711,16,7.893619575839473
476,pure,PS,neg,2,2,7.780381944444445,11.972097982888492,2.993024495722123,16,5.866328011615361
477,pure,PS,neg,2,3,8.33767361111111,9.989332065352654,2.4973330163381635,16,4.8947727120228
478,pure,PS,neg,2,4,-1.8383680555555557,10.943384100672228,2.735846025168057,16,5.362258209329391
479,pure,PS,neg,2,5,2.5647569444444445,9.110347513098146,2.2775868782745365,16,4.464070281418092
480,pure,PS,neg,2,6,1.733506944444445,14.135511183122421,3.5338777957806053,16,6.9264004797299865
602,pure,PS,pos,0,2,-5.824305555555555,32.08239902275506,9.261390856018311,12,18.152326077795887
603,pure,PS,pos,0,3,-5.197916666666666,26.48654983203305,7.64600833771436,12,14.986176341920144
604,pure,PS,pos,0,4,-7.678472222222222,19.486540367814225,5.625279663466026,12,11.025548140393411
605,pure,PS,pos,0,5,5.507638888888889,20.222132350956088,5.837626778206369,12,11.441748485284483
606,pure,PS,pos,0,6,2.8854166666666665,18.222266611372703,5.26031526666058,12,10.310217922654735
620,pure,PS,pos,1,2,-12.546275946275946,23.28113430281743,6.457024883059371,13,12.655768770796369
621,pure,PS,pos,1,3,-3.833089133089133,21.3803478584428,5.929841576220939,13,11.62248948939304
622,pure,PS,pos,1,4,-0.025946275946275923,17.6514664171139,4.895635942618062,13,9.595446447531401
623,pure,PS,pos,1,5,4.621306471306471,12.137049507256561,3.366211871635268,13,6.597775268405125
624,pure,PS,pos,1,6,9.194383394383395,20.20912790154018,5.605003606262546,13,10.985807068274587
638,pure,PS,pos,2,2,-22.557264957264955,33.094370273499116,9.178726842330175,13,17.990304610967144
639,pure,PS,pos,2,3,-18.636752136752136,28.817497996603855,7.992535896718153,13,15.66537035756758
640,pure,PS,pos,2,4,-12.505982905982906,31.017509384762665,8.602709271072868,13,16.861310171302822
641,pure,PS,pos,2,5,-7.679059829059829,23.1421280583521,6.418471487518645,13,12.580204115536544
642,pure,PS,pos,2,6,-3.8393162393162403,18.48124678071375,5.125775607874401,13,10.046520191433824
655,comb,SC,neg,0,1,56.05438988095238,23.516185690005837,5.879046422501459,16,11.52293098810286
656,comb,SC,neg,0,2,40.085788690476186,34.27914404829643,8.569786012074108,16,16.796780583665253
657,comb,SC,neg,0,3,27.718973214285715,39.11107883366217,9.777769708415542,16,19.164428628494466
658,comb,SC,neg,0,4,16.549181547619046,23.81893653468111,5.954734133670278,16,11.671278901993746
659,comb,SC,neg,0,5,13.325372023809523,19.883225303052185,4.970806325763046,16,9.742780398495572
660,comb,SC,neg,0,6,5.103348214285713,24.48945912497856,6.12236478124464,16,11.999834971239496
673,comb,SC,neg,1,1,54.966096230158726,20.26084895448058,5.065212238620145,16,9.927815987695483
674,comb,SC,neg,1,2,33.108804563492065,24.08981932450547,6.0224548311263675,16,11.804011469007682
675,comb,SC,neg,1,3,10.357614087301586,21.177924502443158,5.2944811256107895,16,10.377183006197148
676,comb,SC,neg,1,4,2.491245039682539,14.203368586752651,3.550842146688163,16,6.959650607508799
677,comb,SC,neg,1,5,-6.367832341269842,14.2033803809222,3.55084509523055,16,6.959656386651878
678,comb,SC,neg,1,6,-6.998635912698413,15.428291263329786,3.8570728158324465,16,7.559862719031594
691,comb,SC,neg,2,1,49.49722222222222,29.518222470516918,7.379555617629229,16,14.463929010553292
692,comb,SC,neg,2,2,26.60972222222222,34.776164159110465,8.694041039777616,16,17.040320437964127
693,comb,SC,neg,2,3,9.36076388888889,25.607401452132127,6.401850363033032,16,12.547626711544742
694,comb,SC,neg,2,4,4.82013888888889,19.008332386163723,4.752083096540931,16,9.314082869220224
695,comb,SC,neg,2,5,-4.881944444444445,20.777057944552105,5.194264486138026,16,10.180758392830532
696,comb,SC,neg,2,6,-3.9350694444444443,16.94591596145318,4.236478990363295,16,8.30349882111206
709,comb,SC,pos,0,1,-37.36018518518519,14.916403838343474,3.851398910080577,15,7.5487418637579315
710,comb,SC,pos,0,2,-23.89574074074074,33.4577358474307,8.638750249260399,15,16.93195048855038
711,comb,SC,pos,0,3,-1.8712962962962958,33.01292663866463,8.523901005407687,15,16.706845970599066
712,comb,SC,pos,0,4,2.842037037037037,38.7777879523493,10.01238179614743,15,19.62426832044896
713,comb,SC,pos,0,5,5.769814814814813,38.26476697731656,9.87992034997697,15,19.364643885954862
714,comb,SC,pos,0,6,5.509814814814815,37.23333028204471,9.613604540413299,15,18.842664899210067
727,comb,SC,pos,1,1,-34.26510416666667,23.90473950821268,5.97618487705317,16,11.713322359024213
728,comb,SC,pos,1,2,-14.7640625,27.287159367106614,6.821789841776654,16,13.370708089882244
729,comb,SC,pos,1,3,-1.4942708333333332,20.954696907822694,5.238674226955673,16,10.26780148483312
730,comb,SC,pos,1,4,7.486979166666667,20.564039483410287,5.141009870852572,16,10.07637934687104
731,comb,SC,pos,1,5,9.943229166666667,18.891278442774002,4.7228196106935005,16,9.25672643695926
732,comb,SC,pos,1,6,7.620312500000001,20.730368762061605,5.182592190515401,16,10.157880693410187
745,comb,SC,pos,2,1,-55.974131944444444,19.700124009128224,4.925031002282056,16,9.65306076447283
746,comb,SC,pos,2,2,-30.851215277777776,36.07918282247277,9.019795705618192,16,17.678799583011656
747,comb,SC,pos,2,3,-12.946899801587302,32.16477515962941,8.041193789907352,16,15.760739828218405
748,comb,SC,pos,2,4,-3.8324652777777763,37.33314219590181,9.333285548975452,16,18.293239675991884
749,comb,SC,pos,2,5,-6.233953373015872,31.875383290261503,7.968845822565376,16,15.618937812228136
750,comb,SC,pos,2,6,-2.0123759920634905,22.770021797349585,5.692505449337396,16,11.157310680701295
764,comb,PS,neg,0,2,-0.985243055555555,30.810436305046967,7.702609076261742,16,15.097113789473013
765,comb,PS,neg,0,3,-8.699826388888889,20.896833779424263,5.224208444856066,16,10.239448551917887
766,comb,PS,neg,0,4,-8.097743055555554,19.988641430404464,4.997160357601116,16,9.794434300898187
767,comb,PS,neg,0,5,-6.440451388888889,21.46826088150812,5.36706522037703,16,10.519447831938978
768,comb,PS,neg,0,6,-11.150868055555554,16.795686380328977,4.198921595082244,16,8.229886326361198
782,comb,PS,neg,1,2,-5.033796296296297,18.778451525455974,4.426123471277596,18,8.675202003704088
783,comb,PS,neg,1,3,-4.9884259259259265,12.295132141365476,2.897990437581402,18,5.680061257659546
784,comb,PS,neg,1,4,-6.131944444444445,13.452763936285274,3.1708468683497166,18,6.214859861965443
785,comb,PS,neg,1,5,-2.8865740740740744,24.87258143123421,5.8625236652134385,18,11.49054638381834
786,comb,PS,neg,1,6,-1.538425925925926,13.551167531841488,3.194040818253362,18,6.260320003776589
800,comb,PS,neg,2,2,-2.8078115814226923,18.815426919316202,4.434838655189466,18,8.692283764171354
801,comb,PS,neg,2,3,-2.107502939447384,14.276500256100487,3.365003380900046,18,6.59540662656409
802,comb,PS,neg,2,4,-2.8643592004703113,13.19246757858657,3.1094944284674124,18,6.094609079796128
803,comb,PS,neg,2,5,-0.36563786008230437,12.82814984777596,3.0236239158131863,18,5.926302874993845
804,comb,PS,neg,2,6,-3.2351263962375074,15.2865856239008,3.6030827852830156,18,7.062042259154711
818,comb,PS,pos,0,2,6.856746031746033,28.436710034409057,7.6000304396996645,14,14.896059661811343
819,comb,PS,pos,0,3,5.82936507936508,14.22534528153119,3.801883446575072,14,7.451691555287142
820,comb,PS,pos,0,4,3.201984126984127,15.242244008284532,4.073661063186333,14,7.984375683845214
821,comb,PS,pos,0,5,7.891269841269841,10.939052798858294,2.9235848363684496,14,5.73022627928216
822,comb,PS,pos,0,6,5.5436507936507935,17.96681914015175,4.801834396612874,14,9.411595417361232
836,comb,PS,pos,1,2,13.636111111111111,16.78236854892839,4.485276660618613,14,8.791142254812481
837,comb,PS,pos,1,3,5.66468253968254,24.125342195993877,6.44776891686354,14,12.637627077052537
838,comb,PS,pos,1,4,3.6587301587301586,13.063939291114549,3.4914846392117913,14,6.843309892855111
839,comb,PS,pos,1,5,5.752777777777778,8.095694721853073,2.1636654255063115,14,4.240784233992369
840,comb,PS,pos,1,6,3.282539682539683,13.282633415903158,3.5499331026017455,14,6.957868881099421
854,comb,PS,pos,2,2,20.088888888888892,15.358126400499286,4.104631935245431,14,8.045078593081044
855,comb,PS,pos,2,3,9.807936507936509,17.863132000664148,4.77412284294307,14,9.357280772168417
856,comb,PS,pos,2,4,5.724603174603175,18.114065318586796,4.841187593128282,14,9.488727682531433
857,comb,PS,pos,2,5,7.572222222222223,16.5742715294864,4.429660392764273,14,8.682134369817975
858,comb,PS,pos,2,6,4.699603174603175,11.874103647739231,3.1734876874916353,14,6.220035867483605
