,Context,Type,Sign,Perturb_size,Block,Relative_beep,mean_asyn,std_asyn,sem_asyn,n_subj,ci_asyn
0,comb,SC,neg,-20,0,-6,-6.733333333333334,8.434675453151709,3.7721015362792123,5,7.393319011107257
1,comb,SC,neg,-20,0,-5,3.2566666666666655,5.794113392055768,2.591206282795717,5,5.0787643142796055
2,comb,SC,neg,-20,0,-4,-1.1866666666666679,9.580357508986813,4.284466127769013,5,8.397553610427266
3,comb,SC,neg,-20,0,-3,-1.3700000000000006,10.995664549670877,4.917410678169738,5,9.638124929212687
4,comb,SC,neg,-20,0,-2,-2.1533333333333338,12.972842359671564,5.801631475522878,5,11.371197692024843
5,comb,SC,neg,-20,0,-1,8.186666666666666,12.557530940966595,5.6158985627116405,5,11.007161182914816
6,comb,SC,neg,-20,0,0,29.15,18.974068561533603,8.485461422666157,5,16.631504388425668
7,comb,SC,neg,-20,0,1,36.02333333333333,14.725660709568633,6.58551567203865,5,12.907610717195753
8,comb,SC,neg,-20,0,2,32.68333333333333,19.635427166221774,8.78122998218359,5,17.21121076507983
9,comb,SC,neg,-20,0,3,31.2,28.439055207779163,12.718332132092723,5,24.927930978901735
10,comb,SC,neg,-20,0,4,30.063333333333333,23.515507294832773,10.516454567327653,5,20.6122509519622
11,comb,SC,neg,-20,0,5,26.439999999999998,21.994268824198524,9.836136041262455,5,19.27882664087441
12,comb,SC,neg,-20,0,6,29.703333333333337,26.218455649917036,11.725249819655584,5,22.98148964652495
13,comb,SC,neg,-20,0,7,25.35333333333333,28.6892822612673,12.830237072374514,5,25.147264661854045
14,comb,SC,neg,-20,0,8,27.28333333333333,29.44419156075892,13.167842774476515,5,25.80897183797397
15,comb,SC,neg,-20,0,9,19.669999999999998,19.893415298088517,8.896605782232033,5,17.437347333174785
16,comb,SC,neg,-20,0,10,24.240000000000002,24.749603251589935,11.068359057340984,5,21.69398375238833
17,comb,SC,neg,-20,0,11,17.796666666666667,25.736143520996563,11.50955327832782,5,22.558724425522527
18,comb,SC,neg,-20,1,-6,-0.9388888888888893,15.92650037992816,7.122547498639118,5,13.960193097332674
19,comb,SC,neg,-20,1,-5,3.7944444444444434,11.064988472990263,4.9484132791715645,5,9.698890027176267
20,comb,SC,neg,-20,1,-4,-2.8055555555555562,7.782990564662766,3.4806591941650833,5,6.822092020563563
21,comb,SC,neg,-20,1,-3,-3.7555555555555555,12.542245741522557,5.609062813710338,5,10.993763114872264
22,comb,SC,neg,-20,1,-2,-2.605555555555556,8.660090320074719,3.8729101293949966,5,7.5909038536141935
23,comb,SC,neg,-20,1,-1,6.31111111111111,10.172416975804207,4.549243170674208,5,8.916516614521449
24,comb,SC,neg,-20,1,0,27.31111111111111,18.88145431712371,8.444043073429096,5,16.550324423921033
25,comb,SC,neg,-20,1,1,21.944444444444446,3.996562469682423,1.787317071706868,5,3.5031414605454616
26,comb,SC,neg,-20,1,2,13.127777777777776,28.048382265028856,12.543617880700808,5,24.585491046173583
27,comb,SC,neg,-20,1,3,17.211111111111112,20.786654650858903,9.296074564826533,5,18.220306147060008
28,comb,SC,neg,-20,1,4,20.02777777777778,30.41675703943956,13.60278727905642,5,26.66146306695058
29,comb,SC,neg,-20,1,5,9.127777777777776,24.223495204189824,10.833076385841718,5,21.232829716249768
30,comb,SC,neg,-20,1,6,12.57777777777778,34.300129744112674,15.33948434897968,5,30.065389324000172
31,comb,SC,neg,-20,1,7,10.777777777777777,43.91497005472515,19.63937165444662,5,38.49316844271537
32,comb,SC,neg,-20,1,8,17.161111111111108,39.412093785716,17.6256241680916,5,34.54622336945954
33,comb,SC,neg,-20,1,9,10.527777777777777,35.706198075663536,15.968297223051168,5,31.297862557180288
34,comb,SC,neg,-20,1,10,9.744444444444444,35.39831305485658,15.83060685589551,5,31.0279894375552
35,comb,SC,neg,-20,1,11,13.494444444444444,32.542396669860054,14.553402220913972,5,28.524668352991384
36,comb,SC,neg,-20,2,-6,-10.088888888888889,22.098714070738296,9.882845375500384,5,19.370376935980754
37,comb,SC,neg,-20,2,-5,-3.188888888888889,9.612945393364225,4.299039872711172,5,8.426118150513897
38,comb,SC,neg,-20,2,-4,-2.9888888888888885,6.971962146543791,3.117956259245453,5,6.111194268121087
39,comb,SC,neg,-20,2,-3,-4.872222222222222,10.011598212345124,4.477322833243814,5,8.775552753157877
40,comb,SC,neg,-20,2,-2,5.711111111111111,7.872797556016838,3.5208221016695718,5,6.900811319272361
41,comb,SC,neg,-20,2,-1,15.42777777777778,29.800620902471806,13.327242821925617,5,26.12139593097421
42,comb,SC,neg,-20,2,0,17.37777777777778,19.263629534423316,8.614957026468632,5,16.885315771878517
43,comb,SC,neg,-20,2,1,28.51111111111111,29.434396870596867,13.163462455872335,5,25.800386413509774
44,comb,SC,neg,-20,2,2,21.677777777777777,14.917967561730368,6.671517910833178,5,13.076175105233029
45,comb,SC,neg,-20,2,3,18.977777777777778,30.07515919521099,13.450020078923927,5,26.362039354690896
46,comb,SC,neg,-20,2,4,17.02777777777778,25.79354761884127,11.535225171321382,5,22.60904133578991
47,comb,SC,neg,-20,2,5,16.52777777777778,25.29600990836204,11.31271954292115,5,22.172930304125455
48,comb,SC,neg,-20,2,6,38.69444444444444,41.09988585487739,18.38042772779758,5,36.025638346483255
49,comb,SC,neg,-20,2,7,16.677777777777777,21.11491742002135,9.442878138092443,5,18.50804115066119
50,comb,SC,neg,-20,2,8,18.911111111111115,27.52888073807866,12.311289734965692,5,24.130127880532754
51,comb,SC,neg,-20,2,9,17.494444444444447,17.744852322592525,7.935739208802382,5,15.55404884925267
52,comb,SC,neg,-20,2,10,17.444444444444446,27.128644432876335,12.132298617866542,5,23.779305291018424
53,comb,SC,neg,-20,2,11,36.84444444444445,33.820768283466755,15.125107386620108,5,29.64521047777541
108,comb,SC,pos,20,0,-6,-11.330555555555556,13.071342405581403,5.845682035211128,5,11.457536789013812
109,comb,SC,pos,20,0,-5,2.469444444444444,16.41381226359956,7.340479998265662,5,14.387340796600698
110,comb,SC,pos,20,0,-4,-6.297222222222223,14.816377377086711,6.626085399091184,5,12.98712738221872
111,comb,SC,pos,20,0,-3,-0.9805555555555561,11.318292374910211,5.061694227903353,5,9.920920686690572
112,comb,SC,pos,20,0,-2,7.4194444444444425,21.61331661839324,9.665769035590634,5,18.944907309757642
113,comb,SC,pos,20,0,-1,8.719444444444445,12.86823506800494,5.754849672501135,5,11.279505358102224
114,comb,SC,pos,20,0,0,-6.430555555555555,11.13666332712489,4.980467248396046,5,9.76171580685625
115,comb,SC,pos,20,0,1,-26.06388888888889,20.11263518626544,8.994643896628734,5,17.629502037392314
116,comb,SC,pos,20,0,2,-18.247222222222224,12.972996943318764,5.801700607431548,5,11.371333190565835
117,comb,SC,pos,20,0,3,-23.413888888888888,17.733659449451928,7.930733603761201,5,15.544237863371956
118,comb,SC,pos,20,0,4,-29.41388888888889,26.869024601289333,12.016193099519425,5,23.551738475058073
119,comb,SC,pos,20,0,5,-15.663888888888891,40.546627156465576,18.133002916039207,5,35.540685715436844
120,comb,SC,pos,20,0,6,-9.197222222222223,21.38784358917611,9.564934431506174,5,18.7472714857521
121,comb,SC,pos,20,0,7,-6.880555555555557,16.498549085103825,7.378375456881823,5,14.46161589548837
122,comb,SC,pos,20,0,8,-10.447222222222225,20.423610874985833,9.133716452494456,5,17.90208424688913
123,comb,SC,pos,20,0,9,-19.047222222222224,30.061215194176988,13.443784132085856,5,26.349816898888278
124,comb,SC,pos,20,0,10,-14.813888888888888,35.61785395081697,15.92878852933724,5,31.22042551750099
125,comb,SC,pos,20,0,11,-15.797222222222222,36.7473328796177,16.433906862127653,5,32.210457449770196
126,comb,SC,pos,20,1,-6,2.500000000000001,20.39223547693861,9.119684947923515,5,17.874582497930085
127,comb,SC,pos,20,1,-5,-1.5833333333333333,14.976296214433965,6.6976032773294225,5,13.12730242356567
128,comb,SC,pos,20,1,-4,-2.6166666666666663,20.647809590730485,9.233981166269094,5,18.098603085887422
129,comb,SC,pos,20,1,-3,-4.766666666666666,7.50067769571935,3.35440504098899,5,6.5746338803384194
130,comb,SC,pos,20,1,-2,2.0666666666666673,8.379855097232726,3.747585127802097,5,7.345266850492109
131,comb,SC,pos,20,1,-1,4.4,12.202420038006832,5.457088138997769,5,10.695892752435626
132,comb,SC,pos,20,1,0,-15.683333333333332,7.61222239454094,3.4042893468079534,5,6.672407119743589
133,comb,SC,pos,20,1,1,-19.133333333333333,25.525753682903215,11.41546408237744,5,22.37430960145978
134,comb,SC,pos,20,1,2,-25.166666666666668,15.279971433421363,6.8334109638770135,5,13.393485489198946
135,comb,SC,pos,20,1,3,-24.55,35.75250708855652,15.989007243211093,5,31.338454196693743
136,comb,SC,pos,20,1,4,-25.6,35.891228800139324,16.051045478621948,5,31.460049138099016
137,comb,SC,pos,20,1,5,-27.316666666666663,34.978784630521325,15.642988040834108,5,30.66025656003486
138,comb,SC,pos,20,1,6,-17.56666666666667,20.971149255113485,9.378583060145566,5,18.382022797885313
139,comb,SC,pos,20,1,7,-15.666666666666666,19.561914508258006,8.748354122100855,5,17.146774079317677
140,comb,SC,pos,20,1,8,-7.433333333333332,23.310896537382323,10.424949854810269,5,20.432901715428127
141,comb,SC,pos,20,1,9,-3.1833333333333345,26.811548337020657,11.990488932719925,5,23.501358308131053
142,comb,SC,pos,20,1,10,-6.133333333333334,27.733215297002197,12.402670927746785,5,24.3092350183837
143,comb,SC,pos,20,1,11,-5.616666666666667,40.10291857124739,17.93457040428958,5,35.151757992407575
144,comb,SC,pos,20,2,-6,-4.648333333333333,11.492280621742964,5.139504137344162,5,10.073428109194557
145,comb,SC,pos,20,2,-5,9.325,9.869611750778807,4.413824557254425,5,8.651096132218672
146,comb,SC,pos,20,2,-4,6.914999999999999,9.601244855630844,4.293807233162144,5,8.415862176997802
147,comb,SC,pos,20,2,-3,-2.718333333333334,6.27661112561725,2.806985829042328,5,5.501692224922963
148,comb,SC,pos,20,2,-2,-5.5183333333333335,7.555131626178919,3.3787575790189184,5,6.622364854877079
149,comb,SC,pos,20,2,-1,-3.3550000000000013,12.309599348114915,5.505020183634409,5,10.789839559923442
150,comb,SC,pos,20,2,0,-22.008333333333333,13.880094159943186,6.20736681514616,5,12.166438957686474
151,comb,SC,pos,20,2,1,-24.321666666666665,28.716393159850547,12.842361434807161,5,25.171028412222036
152,comb,SC,pos,20,2,2,-33.89833333333333,31.36459012786376,14.026671122464437,5,27.492275400030298
153,comb,SC,pos,20,2,3,-31.611666666666668,32.45998155849411,14.516545062636476,5,28.452428322767492
154,comb,SC,pos,20,2,4,-15.261666666666667,20.67650605827246,9.246814616696689,5,18.123756648725514
155,comb,SC,pos,20,2,5,-30.468333333333334,21.005098918014063,9.393765810957346,5,18.411780989476398
156,comb,SC,pos,20,2,6,-22.238333333333333,26.330508551024145,11.775361400445895,5,23.079708344873954
157,comb,SC,pos,20,2,7,-8.334999999999999,29.835251567753055,13.3427301262606,5,26.151751047470775
158,comb,SC,pos,20,2,8,-9.988333333333333,30.480428374432158,13.631261965708743,5,26.717273452789136
159,comb,SC,pos,20,2,9,-3.158333333333334,30.1482229529739,13.482695184733815,5,26.42608256207828
160,comb,SC,pos,20,2,10,-4.148333333333333,20.139120650007428,9.00648855609727,5,17.65271756995065
161,comb,SC,pos,20,2,11,-6.088333333333333,26.211286002195486,11.722043455719561,5,22.975205173210338
162,comb,PS,neg,-20,0,-6,-1.682539682539683,21.208322103123365,9.484649982259029,5,18.589913965227698
163,comb,PS,neg,-20,0,-5,-6.428253968253969,10.50704963168591,4.698895443882764,5,9.209835070010215
164,comb,PS,neg,-20,0,-4,-2.8006349206349217,11.39275630370084,5.094995509232864,5,9.986191198096414
165,comb,PS,neg,-20,0,-3,-3.545396825396827,9.193603286841217,4.1115043815084915,5,8.058548587756642
166,comb,PS,neg,-20,0,-2,8.58984126984127,14.625456629023855,6.540703044894452,5,12.819777967993126
167,comb,PS,neg,-20,0,-1,5.866984126984126,15.427766505229592,6.899506929337546,5,13.523033581501592
168,comb,PS,neg,-20,0,0,31.997460317460316,13.683242192770749,6.119331939125734,5,11.99389060068644
169,comb,PS,neg,-20,0,1,7.879365079365078,13.3626418713822,5.97595511667912,5,11.712872028691073
170,comb,PS,neg,-20,0,2,14.033650793650793,24.525113475376536,10.967964177367609,5,21.497209787640514
171,comb,PS,neg,-20,0,3,12.072698412698411,23.763842457919708,10.62751342850083,5,20.829926319861624
172,comb,PS,neg,-20,0,4,18.373650793650793,16.74451439751739,7.488374488614563,5,14.677213997684543
173,comb,PS,neg,-20,0,5,9.007936507936508,25.76653519790374,11.52314484943075,5,22.585363904884268
174,comb,PS,neg,-20,0,6,16.056507936507934,16.682951175206863,7.46084257861451,5,14.62325145408444
175,comb,PS,neg,-20,0,7,23.786984126984127,22.174336910832803,9.916664937720968,5,19.4366632779331
176,comb,PS,neg,-20,0,8,21.966031746031746,26.576296812764777,11.885281252710609,5,23.295151255312792
177,comb,PS,neg,-20,0,9,7.734603174603173,19.121850506492382,8.55155151762115,5,16.761040974537448
178,comb,PS,neg,-20,0,10,12.969841269841268,25.613657332074194,11.45477578938076,5,22.451360547186287
179,comb,PS,neg,-20,0,11,15.41079365079365,23.74004888661407,10.61687261992745,5,20.809070335057804
180,comb,PS,neg,-20,1,-6,-1.583333333333334,15.332293308797476,7.666146654398738,4,15.025647442621526
181,comb,PS,neg,-20,1,-5,0.4166666666666661,15.562267070661678,7.781133535330839,4,15.251021729248443
182,comb,PS,neg,-20,1,-4,-4.104166666666668,8.747085787487315,4.373542893743657,4,8.572144071737569
183,comb,PS,neg,-20,1,-3,3.979166666666666,14.364439670854315,7.182219835427158,4,14.077150877437228
184,comb,PS,neg,-20,1,-2,5.270833333333332,13.50648325881227,6.753241629406135,4,13.236353593636025
185,comb,PS,neg,-20,1,-1,-3.9791666666666674,10.676388678095293,5.3381943390476465,4,10.462860904533388
186,comb,PS,neg,-20,1,0,23.291666666666664,18.144900030568962,9.072450015284481,4,17.78200202995758
187,comb,PS,neg,-20,1,1,5.979166666666666,10.855138904586163,5.427569452293081,4,10.63803612649444
188,comb,PS,neg,-20,1,2,-2.104166666666667,14.113268554088927,7.056634277044464,4,13.831003183007144
189,comb,PS,neg,-20,1,3,6.499999999999999,12.52758273643032,6.26379136821516,4,12.277031081701711
190,comb,PS,neg,-20,1,4,9.854166666666664,21.407656208505493,10.703828104252747,4,20.979503084335384
191,comb,PS,neg,-20,1,5,4.499999999999999,25.720042304235953,12.860021152117977,4,25.205641458151234
192,comb,PS,neg,-20,1,6,11.645833333333332,19.681823190310652,9.840911595155326,4,19.28818672650444
193,comb,PS,neg,-20,1,7,2.666666666666666,18.725656350614706,9.362828175307353,4,18.351143223602413
194,comb,PS,neg,-20,1,8,-9.708333333333336,2.23945861696959,1.119729308484795,4,2.1946694446301978
195,comb,PS,neg,-20,1,9,8.354166666666666,16.711165518405327,8.355582759202663,4,16.37694220803722
196,comb,PS,neg,-20,1,10,2.479166666666666,9.847326698500252,4.923663349250126,4,9.650380164530247
197,comb,PS,neg,-20,1,11,5.770833333333332,13.808403368993211,6.904201684496606,4,13.532235301613346
198,comb,PS,neg,-20,2,-6,0.49222222222222173,15.522242901441723,6.941758058177452,5,13.605845794027806
199,comb,PS,neg,-20,2,-5,-1.4358730158730166,9.436252589760816,4.220020448712724,5,8.271240079476938
200,comb,PS,neg,-20,2,-4,-1.5834920634920637,11.657878214520885,5.213561632216515,5,10.21858079914437
201,comb,PS,neg,-20,2,-3,0.6550793650793643,7.257900049376001,3.2458315768607635,5,6.361829890647097
202,comb,PS,neg,-20,2,-2,4.419841269841269,12.635721289539775,5.650866349630448,5,11.075698045275676
203,comb,PS,neg,-20,2,-1,-2.547777777777778,14.767589219572187,6.6042666717512954,5,12.944362676632538
204,comb,PS,neg,-20,2,0,20.47174603174603,12.923868321287998,5.779729619731211,5,11.328270054673172
205,comb,PS,neg,-20,2,1,2.5293650793650793,9.243031804351643,4.133609486544562,5,8.101874593627342
206,comb,PS,neg,-20,2,2,3.2512698412698406,20.055923998349307,8.969281882375686,5,17.579792489456345
207,comb,PS,neg,-20,2,3,-3.3296825396825396,13.632215597297709,6.096512151898114,5,11.949163817720304
208,comb,PS,neg,-20,2,4,-1.0977777777777784,15.150248337613418,6.775397031781357,5,13.279778182291459
209,comb,PS,neg,-20,2,5,-5.415873015873016,14.831310383768269,6.632763642700868,5,13.000216739693702
210,comb,PS,neg,-20,2,6,-0.9625396825396828,13.574305812146825,6.070614108666158,5,11.898403652985667
211,comb,PS,neg,-20,2,7,1.2122222222222223,22.648324005252874,10.128638410437146,5,19.852131284456807
212,comb,PS,neg,-20,2,8,-3.1120634920634935,13.933789489724816,6.231380096639359,5,12.213504989413144
213,comb,PS,neg,-20,2,9,3.3036507936507946,17.474167645282552,7.814685341015844,5,15.316783268391054
214,comb,PS,neg,-20,2,10,0.5007936507936513,15.312759332906108,6.8480741582944775,5,13.422225350257175
215,comb,PS,neg,-20,2,11,-4.836349206349206,18.20718011970312,8.142498485247787,5,15.959297031085665
270,comb,PS,pos,20,0,-6,4.272222222222224,3.933494190056708,1.7591120796134554,5,3.4478596760423725
271,comb,PS,pos,20,0,-5,-4.227777777777776,10.557390191440353,4.721408426610029,5,9.253960516155658
272,comb,PS,pos,20,0,-4,2.0055555555555564,4.999436696663996,2.235816060589538,5,4.382199478755495
273,comb,PS,pos,20,0,-3,0.10555555555555643,11.312538793330932,5.059121147998281,5,9.915877450076632
274,comb,PS,pos,20,0,-2,0.3222222222222232,7.691500640236953,3.439743656110596,5,6.741897565976768
275,comb,PS,pos,20,0,-1,-2.477777777777777,7.307968549534656,3.2682228908380058,5,6.405716866042492
276,comb,PS,pos,20,0,0,-21.994444444444447,12.490743486258383,5.586030304957291,5,10.948619397716291
277,comb,PS,pos,20,0,1,-9.727777777777778,22.290696586714997,9.968702566743453,5,19.538657030817166
278,comb,PS,pos,20,0,2,-8.16111111111111,19.00070458407682,8.497373414077527,5,16.654851891591953
279,comb,PS,pos,20,0,3,1.7722222222222235,18.46195830135546,8.25643875191947,5,16.18261995376216
280,comb,PS,pos,20,0,4,-1.0611111111111093,15.300089768154313,6.842408156688408,5,13.411119987109279
281,comb,PS,pos,20,0,5,-0.7111111111111099,10.603738712895467,4.742136115536078,5,9.294586786450715
282,comb,PS,pos,20,0,6,3.6555555555555563,9.001384495704324,4.025541524801506,5,7.89006138861095
283,comb,PS,pos,20,0,7,3.58888888888889,15.380330050721792,6.878292701959342,5,13.48145369584031
284,comb,PS,pos,20,0,8,-0.9277777777777768,6.9469328874842216,3.1067628343087232,5,6.089255155245097
285,comb,PS,pos,20,0,9,1.53888888888889,5.566988236442696,2.489632825325508,5,4.879680337637995
286,comb,PS,pos,20,0,10,-1.6777777777777765,17.859778332856358,7.987135683068936,5,15.654785938815115
287,comb,PS,pos,20,0,11,9.505555555555556,21.772049629323565,9.736756596133317,5,19.0840429284213
288,comb,PS,pos,20,1,-6,6.0200000000000005,5.213726245021376,2.331649259988504,5,4.570032549577468
289,comb,PS,pos,20,1,-5,7.790000000000001,12.7767803958568,5.713949899744495,5,11.19934180349921
290,comb,PS,pos,20,1,-4,-4.9366666666666665,12.842793290642534,5.743471763770984,5,11.257204656991126
291,comb,PS,pos,20,1,-3,-2.796666666666667,12.411834505924944,5.550741136145137,5,10.879452626844468
292,comb,PS,pos,20,1,-2,2.1100000000000003,7.782429561296601,3.480408305832613,5,6.821600279431922
293,comb,PS,pos,20,1,-1,-8.186666666666666,13.440440519492828,6.0107477298257095,5,11.78106555045839
294,comb,PS,pos,20,1,0,-27.423333333333336,10.26479991446256,4.590558076834462,5,8.997493830595545
295,comb,PS,pos,20,1,1,-18.473333333333336,23.162154969680742,10.358430603518144,5,20.30252398289556
296,comb,PS,pos,20,1,2,-4.493333333333333,25.433153244350514,11.374051907307413,5,22.29314173832253
297,comb,PS,pos,20,1,3,-2.396666666666666,21.809589011247002,9.753544718096144,5,19.116947647468443
298,comb,PS,pos,20,1,4,0.07999999999999971,30.565764355194585,13.669425376491024,5,26.792073737922404
299,comb,PS,pos,20,1,5,9.796666666666669,28.909451976477293,12.928699962333775,5,25.3402519261742
300,comb,PS,pos,20,1,6,3.740000000000002,29.33021537511474,13.11687107469321,5,25.70906730639869
301,comb,PS,pos,20,1,7,-4.263333333333333,22.872900159979604,10.229071920056041,5,20.04898096330984
302,comb,PS,pos,20,1,8,-6.033333333333333,17.065815318030833,7.632064628514827,5,14.95884667188906
303,comb,PS,pos,20,1,9,9.12,24.144408843354636,10.797707890057607,5,21.163507464512914
304,comb,PS,pos,20,1,10,7.496666666666667,18.196184649603584,8.137581161530361,5,15.949659076599508
305,comb,PS,pos,20,1,11,6.296666666666667,25.786605169599962,11.532120413634601,5,22.60295601072382
306,comb,PS,pos,20,2,-6,3.7116666666666673,9.431554602621045,4.217919444992334,5,8.267122112184977
307,comb,PS,pos,20,2,-5,0.11166666666666672,11.078735888579025,4.954561310325847,5,9.71094016823866
308,comb,PS,pos,20,2,-4,4.011666666666668,8.80218091661884,3.9364549759622265,5,7.715451752885966
309,comb,PS,pos,20,2,-3,-1.4483333333333328,5.997552741651289,2.682187125794503,5,5.257086766557225
310,comb,PS,pos,20,2,-2,-3.728333333333333,7.758493553662477,3.469703797796642,5,6.800619443681418
311,comb,PS,pos,20,2,-1,-2.6583333333333323,16.44610305073988,7.354920877284208,5,14.415644919477044
312,comb,PS,pos,20,2,0,-23.62833333333333,22.619019774418952,10.115533160002547,5,19.826444993604987
313,comb,PS,pos,20,2,1,-7.808333333333333,18.11140678013598,8.099667345706926,5,15.875347997585575
314,comb,PS,pos,20,2,2,3.191666666666667,4.8171712538468965,2.154304476571911,5,4.222436774080945
315,comb,PS,pos,20,2,3,5.751666666666667,8.0679544426632,3.608098914633269,5,7.071873872681207
316,comb,PS,pos,20,2,4,5.8916666666666675,9.062223175848679,4.052749409694335,5,7.943388843000896
317,comb,PS,pos,20,2,5,15.011666666666667,19.711736492647105,8.815356550424442,5,17.278098838831905
318,comb,PS,pos,20,2,6,13.77166666666667,14.301240233707784,6.395709065025116,5,12.535589767449228
319,comb,PS,pos,20,2,7,9.811666666666667,30.81924543023221,13.782785559449795,5,27.0142596965216
320,comb,PS,pos,20,2,8,9.251666666666669,19.90706044486618,8.902708077383595,5,17.449307831671845
321,comb,PS,pos,20,2,9,15.011666666666667,16.58527375582193,7.417159908692216,5,14.537633421036741
322,comb,PS,pos,20,2,10,8.531666666666668,13.94994822770162,6.2386065039487075,5,12.227668747739465
323,comb,PS,pos,20,2,11,10.321666666666667,25.608625933896224,11.452525679711199,5,22.44695033223395
324,pure,SC,neg,-50,0,-6,-2.306851851851852,12.547722037735484,3.2398078989992882,15,6.350023482038606
325,pure,SC,neg,-50,0,-5,1.702037037037037,18.075663756094766,4.667116313266669,15,9.147547974002672
326,pure,SC,neg,-50,0,-4,-0.06129629629629652,10.373160121738634,2.678338426602442,15,5.2495433161407865
327,pure,SC,neg,-50,0,-3,0.35314814814814793,10.150236412800623,2.6207797724563284,15,5.136728354014403
328,pure,SC,neg,-50,0,-2,0.8864814814814811,10.788544055322168,2.785590097072519,15,5.4597565902621366
329,pure,SC,neg,-50,0,-1,-0.5735185185185193,17.769114762626298,4.5879657035,15,8.99241277886
330,pure,SC,neg,-50,0,0,46.913148148148146,12.557798712155046,3.2424096851467628,15,6.3551229828876545
331,pure,SC,neg,-50,0,1,50.074259259259264,24.018607468026026,6.201577781517193,15,12.155092451773701
332,pure,SC,neg,-50,0,2,28.33648148148148,24.852917153418538,6.416995615990842,15,12.577311407342052
333,pure,SC,neg,-50,0,3,5.842037037037037,29.261970256498127,7.555408232042268,15,14.808600134802845
334,pure,SC,neg,-50,0,4,8.790925925925926,23.5235584817628,6.0737566828935705,15,11.904563098471398
335,pure,SC,neg,-50,0,5,5.854259259259259,27.465580951042128,7.091582507819855,15,13.899501715326918
336,pure,SC,neg,-50,0,6,5.09537037037037,27.983475941686613,7.225302419409878,15,14.16159274204336
337,pure,SC,neg,-50,0,7,3.149814814814815,22.163866818708254,5.722685805094415,15,11.216464177985056
338,pure,SC,neg,-50,0,8,1.9975925925925917,23.369008344373796,6.033852009009458,15,11.826349937658536
339,pure,SC,neg,-50,0,9,-5.324629629629629,16.352283705730837,4.222141497650296,15,8.275397335394578
340,pure,SC,neg,-50,0,10,4.102037037037037,18.89413289329615,4.878444135784383,15,9.56175050613739
341,pure,SC,neg,-50,0,11,-5.735740740740741,15.881670850034329,4.100629780808716,15,8.037234370385082
342,pure,SC,neg,-50,1,-6,-0.6793386243386252,10.774716148139692,2.782019746790477,15,5.452758703709335
343,pure,SC,neg,-50,1,-5,1.3638359788359777,10.84456470001428,2.8000545653349422,15,5.488106948056488
344,pure,SC,neg,-50,1,-4,-2.5044179894179903,13.574554599520969,3.5049349264085334,15,6.869672455760726
345,pure,SC,neg,-50,1,-3,-0.3804497354497363,11.349115537339719,2.9303290313533714,15,5.743444901452607
346,pure,SC,neg,-50,1,-2,1.0505026455026443,13.750761506127736,3.5504313540601826,15,6.958845453957958
347,pure,SC,neg,-50,1,-1,1.1498677248677238,17.5638858525466,4.534975826773403,15,8.888552620475867
348,pure,SC,neg,-50,1,0,52.184153439153434,11.815426499346861,3.050730004020546,15,5.979430807880271
349,pure,SC,neg,-50,1,1,55.82907407407408,16.264999212050974,4.199604738290012,15,8.231225287048424
350,pure,SC,neg,-50,1,2,23.69669312169312,20.7520207653549,5.3581487216246675,15,10.50197149438435
351,pure,SC,neg,-50,1,3,5.482724867724867,14.310338892012641,3.694913613823284,15,7.2420306830936365
352,pure,SC,neg,-50,1,4,0.1419312169312164,15.198702666566762,3.924288154104755,15,7.691604782045319
353,pure,SC,neg,-50,1,5,0.02367724867724726,12.842356734288288,3.3158822505302137,15,6.499129211039219
354,pure,SC,neg,-50,1,6,-1.035211640211642,16.797435933527446,4.337079308635856,15,8.500675444926276
355,pure,SC,neg,-50,1,7,-0.3875925925925936,15.619438723420425,4.0329217368609696,15,7.9045266042475
356,pure,SC,neg,-50,1,8,2.5208201058201043,11.272017418354366,2.9104223826297586,15,5.704427869954327
357,pure,SC,neg,-50,1,9,3.4076455026455013,16.541013213019774,4.270871246894828,15,8.370907643913862
358,pure,SC,neg,-50,1,10,3.71574074074074,12.552248461192555,3.2409766165104292,15,6.352314168360441
359,pure,SC,neg,-50,1,11,2.3187566137566127,15.121629555328461,3.9043879623536664,15,7.652600406213187
360,pure,SC,neg,-50,2,-6,-5.206111111111111,8.785403383466766,2.268381399592072,15,4.4460275432004615
361,pure,SC,neg,-50,2,-5,-1.2461111111111114,8.96402660235285,2.314501716391523,15,4.536423364127385
362,pure,SC,neg,-50,2,-4,0.49500000000000016,11.088536750460538,2.8630478778895045,15,5.611573840663428
363,pure,SC,neg,-50,2,-3,1.0850000000000002,8.120160531336417,2.0966164337597806,15,4.10936821016917
364,pure,SC,neg,-50,2,-2,2.1461111111111113,11.337466702688387,2.927321315179549,15,5.7375497777519175
365,pure,SC,neg,-50,2,-1,2.7261111111111114,8.907994769379215,2.3000343593272317,15,4.508067344281375
366,pure,SC,neg,-50,2,0,46.696111111111115,13.063742147888771,3.3730437185280744,15,6.611165688315027
367,pure,SC,neg,-50,2,1,50.45055555555555,18.751320035838003,4.841570014547069,15,9.489477228512257
368,pure,SC,neg,-50,2,2,19.265,30.085756999790465,7.76810905454878,15,15.225493746915605
369,pure,SC,neg,-50,2,3,2.8350000000000004,18.74821110807872,4.840767292851319,15,9.487903893988586
370,pure,SC,neg,-50,2,4,-0.6983333333333328,16.79879559699743,4.337430372234235,15,8.5013635295791
371,pure,SC,neg,-50,2,5,-0.07166666666666603,16.058320435301503,4.146240507598997,15,8.126631394894034
372,pure,SC,neg,-50,2,6,-2.057222222222221,22.560997046728776,5.825224389054351,15,11.417439802546525
373,pure,SC,neg,-50,2,7,-0.9027777777777775,13.636298447949574,3.5208771195215163,15,6.900919154262173
374,pure,SC,neg,-50,2,8,-3.5227777777777773,10.057259962541718,2.596773356226847,15,5.089675778204618
375,pure,SC,neg,-50,2,9,-4.319444444444444,15.024041286500886,3.8791907796900387,15,7.603213928192476
376,pure,SC,neg,-50,2,10,-8.362777777777778,10.935130836883163,2.8234386413231776,15,5.533939736993428
377,pure,SC,neg,-50,2,11,-6.010555555555555,15.497174573227419,4.0013532690252545,15,7.842652407289498
378,pure,SC,neg,-20,0,-6,-2.5557407407407404,14.693298649580406,3.7937933980451226,15,7.435835060168439
379,pure,SC,neg,-20,0,-5,4.897592592592592,17.200666132955476,4.441192898440699,15,8.70473808094377
380,pure,SC,neg,-20,0,-4,1.0275925925925928,10.563364930026548,2.727449096926953,15,5.345800229976828
381,pure,SC,neg,-20,0,-3,-3.534629629629629,10.857717514051117,2.8034506073163046,15,5.494763190339957
382,pure,SC,neg,-20,0,-2,-1.0979629629629628,7.315209421075493,1.8887789507896655,15,3.702006743547744
383,pure,SC,neg,-20,0,-1,1.2631481481481484,9.379209017922634,2.4217013551341853,15,4.746534656063003
384,pure,SC,neg,-20,0,0,20.27425925925926,19.99607111064186,5.162963360073011,15,10.119408185743099
385,pure,SC,neg,-20,0,1,25.047592592592594,20.591730311373627,5.316761904369635,15,10.420853332564484
386,pure,SC,neg,-20,0,2,18.08537037037037,20.103018094137987,5.190576952473519,15,10.173530826848097
387,pure,SC,neg,-20,0,3,22.259814814814817,24.208649240411315,6.250646356152657,15,12.251266858059209
388,pure,SC,neg,-20,0,4,22.27537037037037,20.51033670835427,5.295746166437516,15,10.37966248621753
389,pure,SC,neg,-20,0,5,13.109814814814817,20.651188383314675,5.33211391253132,15,10.450943268561387
390,pure,SC,neg,-20,0,6,16.30537037037037,20.253557248104194,5.229445994891071,15,10.2497141499865
391,pure,SC,neg,-20,0,7,17.190925925925924,21.885631416693204,5.650845733205775,15,11.075657637083317
392,pure,SC,neg,-20,0,8,14.189814814814815,16.23441477779666,4.191707871322002,15,8.215747427791126
393,pure,SC,neg,-20,0,9,11.582037037037036,16.800675628456265,4.337915794269596,15,8.502314956768407
394,pure,SC,neg,-20,0,10,6.530925925925926,16.378167493460815,4.228824662904627,15,8.288496339293069
395,pure,SC,neg,-20,0,11,7.732037037037037,19.321602810597465,4.988816393831893,15,9.77808013191051
396,pure,SC,neg,-20,1,-6,-4.5404365079365085,10.337788436694753,2.669205496795626,15,5.231642773719426
397,pure,SC,neg,-20,1,-5,3.3090873015873017,5.932207470942422,1.5316893827471478,15,3.0021111901844093
398,pure,SC,neg,-20,1,-4,-1.6925793650793655,10.193355976283565,2.631913195874006,15,5.158549863913051
399,pure,SC,neg,-20,1,-3,0.3519444444444441,9.95418517529206,2.5701595605980603,15,5.037512738772198
400,pure,SC,neg,-20,1,-2,-0.264722222222222,9.026491848000505,2.330630173465531,15,4.568035139992441
401,pure,SC,neg,-20,1,-1,2.836706349206349,7.914266594329412,2.0434548478189,15,4.005171501725045
402,pure,SC,neg,-20,1,0,22.115436507936508,16.896555616075656,4.362671900621894,15,8.550836925218912
403,pure,SC,neg,-20,1,1,23.238531746031747,11.227580686264451,2.8989488677401507,15,5.681939780770694
404,pure,SC,neg,-20,1,2,21.819801587301587,11.338524070168662,2.927594326289011,15,5.738084879526461
405,pure,SC,neg,-20,1,3,17.845198412698412,15.935087953117709,4.114422017518354,15,8.064267154335976
406,pure,SC,neg,-20,1,4,18.976468253968257,19.72175647952766,5.092135626877923,15,9.980585828680727
407,pure,SC,neg,-20,1,5,15.841626984126982,14.825098112760436,3.8278238731074783,15,7.502534791290658
408,pure,SC,neg,-20,1,6,12.21361111111111,14.555350187343096,3.758175258253121,15,7.366023506176117
409,pure,SC,neg,-20,1,7,11.396468253968255,14.663313132099345,3.7860511707230184,15,7.420660294617115
410,pure,SC,neg,-20,1,8,13.555039682539682,12.156263343870917,3.138733698861583,15,6.151918049768702
411,pure,SC,neg,-20,1,9,8.835039682539682,13.866464821312839,3.580305821581042,15,7.017399410298844
412,pure,SC,neg,-20,1,10,5.234246031746031,12.68035217121796,3.274052852211481,15,6.417143590334502
413,pure,SC,neg,-20,1,11,-1.2011507936507935,13.921471416035525,3.5945084632672115,15,7.045236588003735
414,pure,SC,neg,-20,2,-6,-4.756481481481482,7.836534417612446,2.0233844860929495,15,3.965833592742181
415,pure,SC,neg,-20,2,-5,-3.947592592592593,7.526325993863302,1.9432890154907034,15,3.808846470361779
416,pure,SC,neg,-20,2,-4,1.6590740740740737,10.107992523744874,2.6098724472035317,15,5.115349996518922
417,pure,SC,neg,-20,2,-3,1.3179629629629628,6.55503048632581,1.6925015938281178,15,3.317303123903111
418,pure,SC,neg,-20,2,-2,3.0557407407407404,7.969445514079461,2.0577019836358104,15,4.033095887926188
419,pure,SC,neg,-20,2,-1,2.671296296296296,11.75248189793615,3.034477777820723,15,5.947576444528616
420,pure,SC,neg,-20,2,0,19.601296296296297,8.096388088122147,2.0904784153152787,15,4.097337694017946
421,pure,SC,neg,-20,2,1,21.387962962962963,13.36127345653716,3.4498659720861085,15,6.761737305288772
422,pure,SC,neg,-20,2,2,21.92240740740741,14.949738487662595,3.8600058795248855,15,7.565611523868776
423,pure,SC,neg,-20,2,3,21.899074074074072,14.146829702723506,3.6526957226853707,15,7.159283616463327
424,pure,SC,neg,-20,2,4,15.236851851851851,17.86461747121136,4.61262439682451,15,9.040743817776042
425,pure,SC,neg,-20,2,5,12.78574074074074,23.90711635884872,6.172790900910933,15,12.09867016578543
426,pure,SC,neg,-20,2,6,16.01351851851852,22.51721306272797,5.8139194129966345,15,11.395282049473401
427,pure,SC,neg,-20,2,7,13.512407407407407,14.290368917997297,3.6897573887042423,15,7.231924481860315
428,pure,SC,neg,-20,2,8,3.7168518518518514,14.719486660595209,3.800555113413831,15,7.449088022291109
429,pure,SC,neg,-20,2,9,3.4879629629629627,16.77115137943739,4.330292665952304,15,8.487373625266516
430,pure,SC,neg,-20,2,10,1.4768518518518519,13.54430176505098,3.4971236781366777,15,6.854362409147889
431,pure,SC,neg,-20,2,11,3.9012962962962963,12.167906223850839,3.141739877545858,15,6.157810159989881
486,pure,SC,pos,20,0,-6,0.6247023809523806,9.065097195337385,2.2662742988343463,16,4.4418976257153195
487,pure,SC,pos,20,0,-5,-0.4287202380952384,7.367273667766889,1.8418184169417222,16,3.609964097205776
488,pure,SC,pos,20,0,-4,1.6651785714285712,7.383894004050664,1.845973501012666,16,3.6181080619848256
489,pure,SC,pos,20,0,-3,2.854761904761905,9.016686630747136,2.254171657686784,16,4.418176449066097
490,pure,SC,pos,20,0,-2,-1.9998511904761904,8.035076389698382,2.0087690974245955,16,3.937187430952207
491,pure,SC,pos,20,0,-1,-2.716071428571429,11.020935315214325,2.7552338288035814,16,5.400258304455019
492,pure,SC,pos,20,0,0,-22.316517857142856,11.113526254785276,2.778381563696319,16,5.445627864844785
493,pure,SC,pos,20,0,1,-25.060714285714287,14.654299370044102,3.6635748425110255,16,7.18060669132161
494,pure,SC,pos,20,0,2,-29.680208333333333,19.724882628988347,4.931220657247087,16,9.66519248820429
495,pure,SC,pos,20,0,3,-15.124702380952382,18.84599032575483,4.7114975814387074,16,9.234535259619866
496,pure,SC,pos,20,0,4,-10.666517857142857,19.924271670961296,4.981067917740324,16,9.762893118771036
497,pure,SC,pos,20,0,5,-7.222916666666667,25.178928712947407,6.294732178236852,16,12.337675069344227
498,pure,SC,pos,20,0,6,-6.738541666666666,22.412946565316037,5.603236641329009,16,10.982343817004859
499,pure,SC,pos,20,0,7,1.0456845238095251,27.871657513240546,6.9679143783101365,16,13.657112181487868
500,pure,SC,pos,20,0,8,-7.5860119047619055,23.39122255846106,5.847805639615265,16,11.46169905364592
501,pure,SC,pos,20,0,9,-6.659970238095239,27.443553459757965,6.860888364939491,16,13.447341195281401
502,pure,SC,pos,20,0,10,2.945684523809523,25.899145827932376,6.474786456983094,16,12.690581455686866
503,pure,SC,pos,20,0,11,-2.4928571428571433,19.64442147316986,4.911105368292465,16,9.625766521853231
504,pure,SC,pos,20,1,-6,-5.569259259259259,11.340893956600683,2.9282062283345853,15,5.739284207535787
505,pure,SC,pos,20,1,-5,-5.017037037037038,11.328940114251065,2.9251197595117016,15,5.733234728642934
506,pure,SC,pos,20,1,-4,1.7651851851851847,9.052169178066451,2.3372600315802297,15,4.58102966189725
507,pure,SC,pos,20,1,-3,0.18518518518518495,8.78029824087466,2.267063257442789,15,4.443443984587866
508,pure,SC,pos,20,1,-2,4.9440740740740745,15.01739441428243,3.8774745646629425,15,7.599850146739366
509,pure,SC,pos,20,1,-1,3.6918518518518515,12.682717155538235,3.2746634885372456,15,6.418340437533002
510,pure,SC,pos,20,1,0,-19.43925925925926,10.967377615757007,2.831764723826326,15,5.550258858699599
511,pure,SC,pos,20,1,1,-14.239259259259258,13.96808621870472,3.6065443535621804,15,7.0688269329818745
512,pure,SC,pos,20,1,2,-17.07148148148148,17.263836131994456,4.457503322057893,15,8.736706511233473
513,pure,SC,pos,20,1,3,-10.075925925925928,12.239888281877873,3.160325565010154,15,6.194238107419901
514,pure,SC,pos,20,1,4,-7.462592592592592,21.962338617137373,5.670651447196072,15,11.1144768365043
515,pure,SC,pos,20,1,5,-5.375925925925926,21.35322417372067,5.5133787741769185,15,10.80622239738676
516,pure,SC,pos,20,1,6,-3.608148148148148,31.72494498897049,8.191345573441943,15,16.05503732394621
517,pure,SC,pos,20,1,7,-2.878148148148148,24.977626780374052,6.449195503211539,15,12.640423186294615
518,pure,SC,pos,20,1,8,3.2074074074074073,24.130126262821953,6.2303718105194426,15,12.211528748618104
519,pure,SC,pos,20,1,9,1.4374074074074072,19.883231351125378,5.133828259446519,15,10.062303388515177
520,pure,SC,pos,20,1,10,-2.9770370370370367,23.53879524246694,6.077690797590722,15,11.912273963277816
521,pure,SC,pos,20,1,11,2.082962962962963,29.804288033276148,7.6954340798965015,15,15.08305079659714
522,pure,SC,pos,20,2,-6,-0.8623263888888892,9.757579146022596,2.439394786505649,16,4.781213781551072
523,pure,SC,pos,20,2,-5,2.532465277777778,8.67900935673835,2.1697523391845874,16,4.252714584801792
524,pure,SC,pos,20,2,-4,1.5095486111111112,5.213801324147783,1.3034503310369459,16,2.5547626488324138
525,pure,SC,pos,20,2,-3,-2.226909722222222,11.805028211261202,2.9512570528153006,16,5.784463823517989
526,pure,SC,pos,20,2,-2,-1.242534722222222,5.976731864884204,1.494182966221051,16,2.9285986137932603
527,pure,SC,pos,20,2,-1,0.28975694444444444,8.904511255442516,2.226127813860629,16,4.363210515166833
528,pure,SC,pos,20,2,0,-18.195659722222224,11.957527415900254,2.9893818539750634,16,5.859188433791124
529,pure,SC,pos,20,2,1,-14.995659722222221,18.748974923110815,4.687243730777704,16,9.186997712324299
530,pure,SC,pos,20,2,2,-13.075868055555556,17.94318648035161,4.4857966200879025,16,8.792161375372288
531,pure,SC,pos,20,2,3,-14.00607638888889,21.292238153253066,5.323059538313267,16,10.433196695094002
532,pure,SC,pos,20,2,4,-6.923784722222223,20.944358580449546,5.236089645112386,16,10.26273570442028
533,pure,SC,pos,20,2,5,-3.287326388888889,14.704100026217805,3.6760250065544513,16,7.205009012846724
534,pure,SC,pos,20,2,6,-2.9217013888888888,13.76753375960122,3.441883439900305,16,6.746091542204597
535,pure,SC,pos,20,2,7,1.6449652777777777,13.459384422462856,3.364846105615714,16,6.5950983670068
536,pure,SC,pos,20,2,8,-1.9227430555555558,15.169544640073786,3.7923861600184465,16,7.433076873636155
537,pure,SC,pos,20,2,9,-0.4258680555555554,14.473725333143852,3.618431333285963,16,7.092125413240487
538,pure,SC,pos,20,2,10,1.7553819444444443,17.631981688398806,4.4079954220997015,16,8.639671027315416
539,pure,SC,pos,20,2,11,-2.034201388888888,23.79863207412428,5.94965801853107,16,11.661329716320898
540,pure,SC,pos,50,0,-6,-4.688888888888889,10.30348667232785,2.753722644074454,14,5.397296382385929
541,pure,SC,pos,50,0,-5,1.118253968253968,6.513917975468173,1.740917807839289,14,3.4121989033650064
542,pure,SC,pos,50,0,-4,-1.5126984126984127,7.99519811625659,2.1368065778866123,14,4.18814089265776
543,pure,SC,pos,50,0,-3,-2.297222222222222,12.340115512210605,3.2980345971361795,14,6.464147810386912
544,pure,SC,pos,50,0,-2,1.8956349206349203,5.870035203349575,1.568832898516858,14,3.0749124810930417
545,pure,SC,pos,50,0,-1,5.484920634920635,13.327961066665306,3.56204742683741,14,6.9816129566013245
546,pure,SC,pos,50,0,0,-47.199603174603176,14.372531781871967,3.8412206934488915,14,7.528792559159827
547,pure,SC,pos,50,0,1,-43.61388888888889,19.203457906951176,5.132340009224737,14,10.059386418080484
548,pure,SC,pos,50,0,2,-11.199603174603174,31.784530501843644,8.494773095526066,14,16.64975526723109
549,pure,SC,pos,50,0,3,12.6765873015873,32.67642065977724,8.733140766784867,14,17.11695590289834
550,pure,SC,pos,50,0,4,13.584920634920636,27.062088878293462,7.232647482357119,14,14.17598906541995
551,pure,SC,pos,50,0,5,20.838492063492062,22.582081941368358,6.035315264618239,14,11.829217918651748
552,pure,SC,pos,50,0,6,16.70277777777778,16.17078115322241,4.3218230537042475,14,8.470773185260326
553,pure,SC,pos,50,0,7,9.890873015873016,16.85019741517597,4.503404687649453,14,8.826673187792927
554,pure,SC,pos,50,0,8,6.9718253968253965,13.59395909777479,3.6331383909779906,14,7.12095124631686
555,pure,SC,pos,50,0,9,13.90515873015873,10.077490941056393,2.6933227442679377,14,5.278912578765159
556,pure,SC,pos,50,0,10,8.11706349206349,15.336144215335528,4.098756949138616,14,8.03356362031169
557,pure,SC,pos,50,0,11,8.577777777777778,14.393191944769388,3.8467423542429695,14,7.53961501431622
558,pure,SC,pos,50,1,-6,1.401870748299319,8.061100065695587,2.1544196147381287,14,4.222662444886731
559,pure,SC,pos,50,1,-5,-4.686054421768708,5.6508997454086405,1.510266483880516,14,2.9601223084058113
560,pure,SC,pos,50,1,-4,1.0508503401360538,5.12610740446854,1.3700098310947364,14,2.6852192689456826
561,pure,SC,pos,50,1,-3,-0.20289115646258565,10.305700437860954,2.7543142978001347,14,5.398456023688266
562,pure,SC,pos,50,1,-2,-0.2811224489795924,4.860652176672307,1.2990639372417696,14,2.5461653169938683
563,pure,SC,pos,50,1,-1,2.7173469387755094,8.880138084242342,2.3733167327484255,14,4.651700796186914
564,pure,SC,pos,50,1,0,-49.2124149659864,15.499841331101845,4.142506843595804,14,8.119313413447777
565,pure,SC,pos,50,1,1,-49.87857142857143,30.597428194125982,8.177506658488339,14,16.027913050637142
566,pure,SC,pos,50,1,2,-12.175850340136055,31.046393128146892,8.297497584329896,14,16.263095265286598
567,pure,SC,pos,50,1,3,10.247619047619049,23.9963767904799,6.413301462422134,14,12.570070866347383
568,pure,SC,pos,50,1,4,15.915306122448978,21.02638838658922,5.619538673132812,14,11.014295799340312
569,pure,SC,pos,50,1,5,15.532312925170066,18.884136194433886,5.046997691767764,14,9.89211547586482
570,pure,SC,pos,50,1,6,14.543877551020406,20.200052157482336,5.398691026304477,14,10.581434411556774
571,pure,SC,pos,50,1,7,14.074149659863945,14.658317762458271,3.9176002095415474,14,7.678496410701433
572,pure,SC,pos,50,1,8,11.528571428571428,20.417018091881367,5.456677611384651,14,10.695088118313915
573,pure,SC,pos,50,1,9,10.49268707482993,12.63478930922392,3.3767894820850075,14,6.618507384886614
574,pure,SC,pos,50,1,10,10.993367346938774,12.067087283403389,3.225064733628013,14,6.321126877910904
575,pure,SC,pos,50,1,11,8.595578231292516,11.733078081772485,3.1357970195899605,14,6.146162158396322
576,pure,SC,pos,50,2,-6,1.535912698412698,11.531677873069487,3.081970549690576,14,6.040662277393529
577,pure,SC,pos,50,2,-5,0.03650793650793612,12.189952488146744,3.2579018408355465,14,6.38548760803767
578,pure,SC,pos,50,2,-4,-0.4075396825396827,8.852955040515923,2.366051758723143,14,4.63746144709736
579,pure,SC,pos,50,2,-3,-2.0771825396825396,9.646237018964156,2.578065285469963,14,5.0530079595211275
580,pure,SC,pos,50,2,-2,0.9513888888888887,11.526653675498835,3.08062777640823,14,6.038030441760132
581,pure,SC,pos,50,2,-1,-0.039087301587301795,12.16903678980396,3.2523118853209882,14,6.374531295229136
582,pure,SC,pos,50,2,0,-50.94444444444444,11.190644834586843,2.9908256362925365,14,5.8620182471333715
583,pure,SC,pos,50,2,1,-44.99265873015873,20.262971283394027,5.41550687003568,14,10.614393465269936
584,pure,SC,pos,50,2,2,-5.243849206349206,35.01944609999209,9.359340655769092,14,18.34430768530742
585,pure,SC,pos,50,2,3,6.9567460317460315,26.39325480560294,7.053894057456505,14,13.825632352614749
586,pure,SC,pos,50,2,4,10.774603174603174,23.922945780686543,6.393676199549879,14,12.531605351117765
587,pure,SC,pos,50,2,5,3.8775793650793644,25.15467579251142,6.722869892211,14,13.17682498873356
588,pure,SC,pos,50,2,6,3.24186507936508,20.621889401518676,5.5114317720305435,14,10.802406273179866
589,pure,SC,pos,50,2,7,3.913293650793651,14.606212178729983,3.9036744065237534,14,7.651201836786556
590,pure,SC,pos,50,2,8,0.5257936507936501,21.634650529825688,5.782103568942504,14,11.332922995127308
591,pure,SC,pos,50,2,9,3.425198412698413,19.13419640489555,5.113829094168631,14,10.023105024570517
592,pure,SC,pos,50,2,10,2.14484126984127,17.103627993021654,4.571136858623074,14,8.959428242901225
593,pure,SC,pos,50,2,11,1.2025793650793646,20.84558188266593,5.57121610234843,14,10.919583560602922
594,pure,PS,neg,-50,0,-6,3.913148148148148,7.045199128578047,1.8190625930465187,15,3.565362682371177
595,pure,PS,neg,-50,0,-5,1.7231481481481477,15.729645580034097,4.061377024881144,15,7.960298968767042
596,pure,PS,neg,-50,0,-4,2.6664814814814815,9.798987776762841,2.530087764606168,15,4.9589720186280895
597,pure,PS,neg,-50,0,-3,-0.04018518518518519,12.04814411137718,3.110817433071385,15,6.097202168819915
598,pure,PS,neg,-50,0,-2,-3.65574074074074,13.42430623417466,3.4661409652897905,15,6.793636291967989
599,pure,PS,neg,-50,0,-1,-4.606851851851852,13.677833177950978,3.531601340693827,15,6.921938627759901
600,pure,PS,neg,-50,0,0,49.97537037037037,20.19381930831579,5.214021725161921,15,10.219482581317367
601,pure,PS,neg,-50,0,1,18.995370370370374,25.778158172879774,6.655891819964265,15,13.04554796712996
602,pure,PS,neg,-50,0,2,12.46314814814815,25.33805543019312,6.5422577804278905,15,12.822825249638667
603,pure,PS,neg,-50,0,3,5.686481481481482,20.822358031424542,5.3763097256317005,15,10.537567062238132
604,pure,PS,neg,-50,0,4,3.7198148148148156,22.004337567093625,5.681495529445322,15,11.135731237712832
605,pure,PS,neg,-50,0,5,9.994259259259259,22.626544216028794,5.8421485953936845,15,11.450611246971622
606,pure,PS,neg,-50,0,6,6.76425925925926,16.752926475334046,4.325587015947072,15,8.478150551256258
607,pure,PS,neg,-50,0,7,2.262037037037037,20.82031925972831,5.375783317043285,15,10.53653530140484
608,pure,PS,neg,-50,0,8,2.0298148148148147,16.042987352584287,4.1422815226650105,15,8.11887178442342
609,pure,PS,neg,-50,0,9,-0.9912962962962953,14.56367385632539,3.760324420342972,15,7.370235863872225
610,pure,PS,neg,-50,0,10,0.3187037037037032,14.519057614876507,3.748804556336179,15,7.347656930418911
611,pure,PS,neg,-50,0,11,-7.6957407407407405,15.913011812942507,4.108721982635215,15,8.05309508596502
612,pure,PS,neg,-50,1,-6,2.622916666666667,11.747844846570567,2.936961211642642,16,5.756443974819578
613,pure,PS,neg,-50,1,-5,-2.463541666666667,7.095817819662184,1.773954454915546,16,3.4769507316344703
614,pure,PS,neg,-50,1,-4,-0.60625,10.020602567862138,2.5051506419655345,16,4.910095258252447
615,pure,PS,neg,-50,1,-3,-1.3093750000000002,7.4767077184823245,1.8691769296205811,16,3.663586782056339
616,pure,PS,neg,-50,1,-2,2.3239583333333336,8.435004096625105,2.1087510241562764,16,4.133152007346301
617,pure,PS,neg,-50,1,-1,-0.5677083333333335,6.645949126279454,1.6614872815698636,16,3.2565150718769327
618,pure,PS,neg,-50,1,0,50.034375,15.503082060330502,3.8757705150826256,16,7.596510209561946
619,pure,PS,neg,-50,1,1,17.35625,18.53017660355259,4.6325441508881475,16,9.079786535740768
620,pure,PS,neg,-50,1,2,7.1343749999999995,17.809990026032192,4.452497506508048,16,8.726895112755773
621,pure,PS,neg,-50,1,3,1.868749999999999,17.934720806049548,4.483680201512387,16,8.788013194964279
622,pure,PS,neg,-50,1,4,-1.1479166666666674,17.340883520027,4.33522088000675,16,8.497032924813231
623,pure,PS,neg,-50,1,5,5.240625,13.647737262333536,3.411934315583384,16,6.687391258543433
624,pure,PS,neg,-50,1,6,-0.25625000000000064,16.109427705794843,4.027356926448711,16,7.893619575839473
625,pure,PS,neg,-50,1,7,3.1031250000000004,12.45511748308661,3.1137793707716526,16,6.103007566712439
626,pure,PS,neg,-50,1,8,1.1520833333333333,13.308448092766492,3.327112023191623,16,6.521139565455582
627,pure,PS,neg,-50,1,9,2.334374999999999,12.480669904719704,3.120167476179926,16,6.115528253312654
628,pure,PS,neg,-50,1,10,-1.4531250000000004,11.55621449665929,2.8890536241648226,16,5.662545103363053
629,pure,PS,neg,-50,1,11,-1.489583333333334,13.017917396953688,3.254479349238422,16,6.378779524507308
630,pure,PS,neg,-50,2,-6,-4.5862847222222225,13.621794011333138,3.4054485028332846,16,6.674679065553238
631,pure,PS,neg,-50,2,-5,-2.5008680555555554,8.791587397615258,2.1978968494038145,16,4.3078778248314755
632,pure,PS,neg,-50,2,-4,-0.11649305555555522,9.44978070753627,2.3624451768840675,16,4.6303925466927724
633,pure,PS,neg,-50,2,-3,0.7199652777777782,8.293783073701116,2.073445768425279,16,4.063953706113547
634,pure,PS,neg,-50,2,-2,1.291840277777778,9.378373821936375,2.3445934554840937,16,4.5954031727488225
635,pure,PS,neg,-50,2,-1,5.191840277777779,16.912460173618395,4.228115043404599,16,8.287105485073015
636,pure,PS,neg,-50,2,0,48.50850694444444,13.908641083101879,3.4771602707754696,16,6.8152341307199205
637,pure,PS,neg,-50,2,1,18.908506944444444,20.067935556984683,5.016983889246171,16,9.833288422922495
638,pure,PS,neg,-50,2,2,7.780381944444445,11.972097982888492,2.993024495722123,16,5.866328011615361
639,pure,PS,neg,-50,2,3,8.33767361111111,9.989332065352654,2.4973330163381635,16,4.8947727120228
640,pure,PS,neg,-50,2,4,-1.8383680555555557,10.943384100672228,2.735846025168057,16,5.362258209329391
641,pure,PS,neg,-50,2,5,2.5647569444444445,9.110347513098146,2.2775868782745365,16,4.464070281418092
642,pure,PS,neg,-50,2,6,1.733506944444445,14.135511183122421,3.5338777957806053,16,6.9264004797299865
643,pure,PS,neg,-50,2,7,0.6282986111111108,15.549505808336407,3.887376452084102,16,7.61925784608484
644,pure,PS,neg,-50,2,8,-2.6842013888888885,15.517558046784924,3.879389511696231,16,7.603603442924612
645,pure,PS,neg,-50,2,9,-3.923784722222222,14.43311603380282,3.608279008450705,16,7.072226856563383
646,pure,PS,neg,-50,2,10,3.0345486111111115,20.82576682270927,5.206441705677317,16,10.20462574312754
647,pure,PS,neg,-50,2,11,-4.3519097222222225,13.705272472220631,3.426318118055158,16,6.71558351138811
648,pure,PS,neg,-20,0,-6,-7.486666666666666,15.941899276978235,4.116180693776851,15,8.067714159802629
649,pure,PS,neg,-20,0,-5,-6.747777777777778,10.914236330303707,2.818043702922547,15,5.523365657728193
650,pure,PS,neg,-20,0,-4,2.716666666666667,9.007251879444313,2.325662434945552,15,4.55829837249328
651,pure,PS,neg,-20,0,-3,3.228888888888889,9.385772282576857,2.4233959827810225,15,4.749856126250805
652,pure,PS,neg,-20,0,-2,2.397777777777778,7.412481370671142,1.913894460178804,15,3.7512331419504554
653,pure,PS,neg,-20,0,-1,5.891111111111112,11.954033397229619,3.0865181511651723,15,6.049575576283738
654,pure,PS,neg,-20,0,0,15.193333333333333,10.694473139520358,2.761301091054993,15,5.412150138467786
655,pure,PS,neg,-20,0,1,9.801111111111112,12.096614886436551,3.123332533376899,15,6.121731765418722
656,pure,PS,neg,-20,0,2,4.495555555555556,13.710495310449158,3.5400346670416316,15,6.938467947401598
657,pure,PS,neg,-20,0,3,7.758888888888889,10.148479004377592,2.6203260115526694,15,5.1358389826432305
658,pure,PS,neg,-20,0,4,6.865555555555555,20.63285820584498,5.327381081059777,15,10.44166691887716
659,pure,PS,neg,-20,0,5,4.265555555555555,18.832671618285787,4.862574902814262,15,9.530646809515954
660,pure,PS,neg,-20,0,6,4.8533333333333335,12.936547390143362,3.340202173296551,15,6.546796259661241
661,pure,PS,neg,-20,0,7,-0.28888888888888903,12.294885552878378,3.1745257993216085,15,6.222070566670353
662,pure,PS,neg,-20,0,8,2.4011111111111116,18.553563147475803,4.790509405532096,15,9.389398434842908
663,pure,PS,neg,-20,0,9,4.584444444444445,20.322083712546632,5.2471394519284065,15,10.284393325779677
664,pure,PS,neg,-20,0,10,0.47111111111111065,19.35620251593123,4.99774999933465,15,9.795589998695915
665,pure,PS,neg,-20,0,11,0.3477777777777777,13.957066127426694,3.603698978229282,15,7.063249997329393
666,pure,PS,neg,-20,1,-6,-1.6427777777777783,12.71210872014847,3.28225235788754,15,6.4332146214595785
667,pure,PS,neg,-20,1,-5,0.38611111111111085,10.371153480447157,2.6778203140488617,15,5.248527815535769
668,pure,PS,neg,-20,1,-4,1.4749999999999999,10.755772925948552,2.7771286278524907,15,5.443172110590882
669,pure,PS,neg,-20,1,-3,-4.733888888888889,11.784329526900926,3.0427008002605076,15,5.963693568510596
670,pure,PS,neg,-20,1,-2,3.038333333333333,9.983893068902907,2.577830105745108,15,5.0525470072604115
671,pure,PS,neg,-20,1,-1,1.477222222222222,7.6189729700377455,1.9672103618773766,15,3.855732309279658
672,pure,PS,neg,-20,1,0,16.366111111111113,10.792176358211407,2.786527953645746,15,5.4615947891456615
673,pure,PS,neg,-20,1,1,6.219444444444444,14.932740888427587,3.855617118274039,15,7.557009551817117
674,pure,PS,neg,-20,1,2,0.03277777777777769,14.625647425335716,3.7763259270551073,15,7.4015988170280105
675,pure,PS,neg,-20,1,3,4.362777777777778,18.476215489128325,4.770538326022235,15,9.35025511900358
676,pure,PS,neg,-20,1,4,1.876111111111111,17.419110003041485,4.49759486316898,15,8.815285931811202
677,pure,PS,neg,-20,1,5,5.25611111111111,14.37873803863796,3.7125741975415947,15,7.276645427181526
678,pure,PS,neg,-20,1,6,4.251666666666666,18.273193290542014,4.718118219753221,15,9.247511710716314
679,pure,PS,neg,-20,1,7,6.807222222222221,17.558362707553847,4.533549756868362,15,8.885757523461988
680,pure,PS,neg,-20,1,8,2.1605555555555553,15.715749452832263,4.057789060265845,15,7.953266558121056
681,pure,PS,neg,-20,1,9,-1.4350000000000007,16.55668802720928,4.274918466515551,15,8.378840194370479
682,pure,PS,neg,-20,1,10,-3.2750000000000004,11.475163445558968,2.9628744613105336,15,5.8072339441686465
683,pure,PS,neg,-20,1,11,-0.788333333333334,14.537895623888481,3.753668509348118,15,7.357190278322311
684,pure,PS,neg,-20,2,-6,-4.1231481481481485,9.08134551004314,2.3447933281035054,15,4.59579492308287
685,pure,PS,neg,-20,2,-5,-2.13537037037037,10.652666152157586,2.7505065733342517,15,5.390992883735134
686,pure,PS,neg,-20,2,-4,1.875740740740741,4.543302029081319,1.173075539694821,15,2.2992280578018494
687,pure,PS,neg,-20,2,-3,2.6024074074074073,8.106250165159773,2.093024792656995,15,4.10232859360771
688,pure,PS,neg,-20,2,-2,1.9946296296296298,11.996371413961178,3.0974497800793577,15,6.07100156895554
689,pure,PS,neg,-20,2,-1,-0.21425925925925934,6.5322973096965855,1.686631912862026,15,3.305798549209571
690,pure,PS,neg,-20,2,0,18.05685185185185,8.031294464165489,2.0736713138800504,15,4.064395775204898
691,pure,PS,neg,-20,2,1,10.785740740740742,9.391733500385818,2.4249351626008373,15,4.752872918697641
692,pure,PS,neg,-20,2,2,6.20462962962963,9.551460378165904,2.4661764651064364,15,4.833705871608616
693,pure,PS,neg,-20,2,3,-3.448703703703704,11.811029163707017,3.049594616840493,15,5.977205449007366
694,pure,PS,neg,-20,2,4,-4.609814814814814,11.752671835267488,3.034526819428796,15,5.947672566080441
695,pure,PS,neg,-20,2,5,3.9768518518518516,9.026352309113047,2.3305941446797127,15,4.567964523572237
696,pure,PS,neg,-20,2,6,-2.9587037037037036,10.739283749929193,2.772871140911447,15,5.434827436186436
697,pure,PS,neg,-20,2,7,-3.1464814814814814,10.709678052941108,2.765226982818932,15,5.419844886325107
698,pure,PS,neg,-20,2,8,-4.5653703703703705,12.110251073778727,3.126853381809033,15,6.128632628345705
699,pure,PS,neg,-20,2,9,-6.286481481481482,12.19443657422219,3.1485899845563443,15,6.171236369730436
700,pure,PS,neg,-20,2,10,-6.129814814814815,11.732397950530238,3.029292124898776,15,5.9374125648016
701,pure,PS,neg,-20,2,11,-5.759814814814814,15.70021286977914,4.053777531771064,15,7.945403962271286
756,pure,PS,pos,20,0,-6,-1.4133680555555552,11.523170485763956,2.880792621440989,16,5.646353538024338
757,pure,PS,pos,20,0,-5,3.8876736111111114,11.260504513653293,2.8151261284133233,16,5.517647211690114
758,pure,PS,pos,20,0,-4,0.9460069444444447,8.750979955045668,2.187744988761417,16,4.287980177972378
759,pure,PS,pos,20,0,-3,-0.6112847222222221,11.490292488440291,2.8725731221100728,16,5.630243319335743
760,pure,PS,pos,20,0,-2,-0.5164930555555551,9.684939969387944,2.421234992346986,16,4.7456205850000925
761,pure,PS,pos,20,0,-1,-2.292534722222222,11.844186064808701,2.9610465162021753,16,5.803651171756264
762,pure,PS,pos,20,0,0,-22.419618055555556,12.833189652424394,3.2082974131060986,16,6.288262929687953
763,pure,PS,pos,20,0,1,-10.961284722222222,20.496684175999007,5.124171043999752,16,10.043375246239513
764,pure,PS,pos,20,0,2,-11.32065972222222,22.60009755361402,5.650024388403505,16,11.074047801270869
765,pure,PS,pos,20,0,3,-3.555034722222222,17.813619027552942,4.453404756888236,16,8.728673323500942
766,pure,PS,pos,20,0,4,-0.048784722222221855,20.72432500920576,5.18108125230144,16,10.154919254510823
767,pure,PS,pos,20,0,5,-5.261284722222221,14.219199782602455,3.554799945650614,16,6.967407893475203
768,pure,PS,pos,20,0,6,-4.505034722222222,23.636336290321445,5.909084072580361,16,11.58180478225751
769,pure,PS,pos,20,0,7,-0.22170138888888863,13.499580172512958,3.3748950431282396,16,6.614794284531348
770,pure,PS,pos,20,0,8,3.4418402777777786,17.712840006603603,4.428210001650901,16,8.679291603235763
771,pure,PS,pos,20,0,9,6.859548611111111,14.793299352381357,3.6983248380953393,16,7.248716682666865
772,pure,PS,pos,20,0,10,4.853298611111112,17.589649419074753,4.397412354768688,16,8.61892821534663
773,pure,PS,pos,20,0,11,1.239756944444444,20.178666762282404,5.044666690570601,16,9.887546713518377
774,pure,PS,pos,20,1,-6,3.0050347222222222,10.984164350563745,2.7460410876409362,16,5.382240531776235
775,pure,PS,pos,20,1,-5,1.8519097222222225,10.285764500353812,2.571441125088453,16,5.040024605173368
776,pure,PS,pos,20,1,-4,-0.7647569444444442,8.222937701524828,2.055734425381207,16,4.0292394737471655
777,pure,PS,pos,20,1,-3,-4.461631944444444,7.725348036345326,1.9313370090863315,16,3.78542053780921
778,pure,PS,pos,20,1,-2,-1.9105902777777775,14.914589627748597,3.7286474069371494,16,7.308148917596813
779,pure,PS,pos,20,1,-1,2.280034722222222,8.14581422079473,2.0364535551986824,16,3.9914489681894176
780,pure,PS,pos,20,1,0,-22.062673611111112,13.750729047965631,3.437682261991408,16,6.737857233503159
781,pure,PS,pos,20,1,1,-13.13142361111111,24.585207225478122,6.1463018063695305,16,12.04675154048428
782,pure,PS,pos,20,1,2,-7.855381944444445,23.678463641037787,5.919615910259447,16,11.602447184108517
783,pure,PS,pos,20,1,3,-3.5980902777777772,23.571366040935157,5.892841510233789,16,11.549969360058226
784,pure,PS,pos,20,1,4,1.2342013888888894,23.614788422108216,5.903697105527054,16,11.571246326833025
785,pure,PS,pos,20,1,5,0.4967013888888894,10.901742659933104,2.725435664983276,16,5.341853903367221
786,pure,PS,pos,20,1,6,5.680034722222222,14.57864683846513,3.6446617096162823,16,7.1435369508479125
787,pure,PS,pos,20,1,7,3.7373263888888895,12.510564176616198,3.1276410441540494,16,6.130176446541936
788,pure,PS,pos,20,1,8,7.682118055555556,12.913212320603485,3.228303080150871,16,6.3274740370957065
789,pure,PS,pos,20,1,9,11.69357638888889,11.005755682680864,2.751438920670216,16,5.392820284513623
790,pure,PS,pos,20,1,10,8.920659722222222,16.58127811474336,4.14531952868584,16,8.124826276224246
791,pure,PS,pos,20,1,11,8.775868055555556,16.310762204827146,4.0776905512067865,16,7.992273480365301
792,pure,PS,pos,20,2,-6,-1.138293650793651,9.339441533485093,2.3348603833712733,16,4.576326351407697
793,pure,PS,pos,20,2,-5,-0.37772817460317487,9.916890881729016,2.479222720432254,16,4.859276532047218
794,pure,PS,pos,20,2,-4,-1.8565972222222227,10.867919166058376,2.716979791514594,16,5.325280391368604
795,pure,PS,pos,20,2,-3,1.397420634920635,7.347055179299809,1.8367637948249522,16,3.6000570378569066
796,pure,PS,pos,20,2,-2,1.2347718253968252,8.90549556753188,2.22637389188297,16,4.363692828090621
797,pure,PS,pos,20,2,-1,0.7404265873015872,10.568201323171511,2.6420503307928778,16,5.17841864835404
798,pure,PS,pos,20,2,0,-18.171180555555555,10.470274078799914,2.6175685196999785,16,5.1304342986119575
799,pure,PS,pos,20,2,1,-11.376984126984127,16.257865324581715,4.064466331145429,16,7.96635400904504
800,pure,PS,pos,20,2,2,-10.587698412698412,14.51062307031662,3.627655767579155,16,7.110205304455143
801,pure,PS,pos,20,2,3,-6.698115079365079,13.4252697875742,3.35631744689355,16,6.578382195911357
802,pure,PS,pos,20,2,4,-1.950793650793651,15.756568582459291,3.939142145614823,16,7.720718605405052
803,pure,PS,pos,20,2,5,-3.683978174603175,12.779742714174375,3.194935678543594,16,6.262073929945442
804,pure,PS,pos,20,2,6,-4.134573412698413,15.124273854647187,3.781068463661797,16,7.410894188777122
805,pure,PS,pos,20,2,7,1.6128968253968257,16.145262579416087,4.036315644854022,16,7.911178663913883
806,pure,PS,pos,20,2,8,0.9554563492063486,16.642477711698934,4.1606194279247335,16,8.154814078732477
807,pure,PS,pos,20,2,9,1.660218253968254,11.744923269679084,2.936230817419771,16,5.75501240214275
808,pure,PS,pos,20,2,10,4.542658730158729,12.673214447348686,3.1683036118371715,16,6.209875079200856
809,pure,PS,pos,20,2,11,3.9375992063492067,12.94988060932742,3.237470152331855,16,6.345441498570437
810,pure,PS,pos,50,0,-6,-0.9270833333333327,9.918691480817348,2.8632795982293717,12,5.612028012529567
811,pure,PS,pos,50,0,-5,0.5340277777777783,11.383198512211159,3.2860463626320304,12,6.440650870758778
812,pure,PS,pos,50,0,-4,-1.8590277777777768,10.326509988217532,2.981006660743376,12,5.842773055057017
813,pure,PS,pos,50,0,-3,-0.6687499999999996,4.933013276342148,1.4240382715060687,12,2.7911150121518946
814,pure,PS,pos,50,0,-2,0.08402777777777833,9.74237695355228,2.812381978340108,12,5.512268677546611
815,pure,PS,pos,50,0,-1,2.836805555555556,8.166632577833754,2.357503758592543,12,4.620707366841384
816,pure,PS,pos,50,0,0,-47.20902777777778,12.75341106221946,3.681592654929178,12,7.215921603661189
817,pure,PS,pos,50,0,1,-5.89236111111111,38.7976337894637,11.199912156133696,12,21.951827826022043
818,pure,PS,pos,50,0,2,-5.824305555555555,32.08239902275506,9.261390856018311,12,18.152326077795887
819,pure,PS,pos,50,0,3,-5.197916666666666,26.48654983203305,7.64600833771436,12,14.986176341920144
820,pure,PS,pos,50,0,4,-7.678472222222222,19.486540367814225,5.625279663466026,12,11.025548140393411
821,pure,PS,pos,50,0,5,5.507638888888889,20.222132350956088,5.837626778206369,12,11.441748485284483
822,pure,PS,pos,50,0,6,2.8854166666666665,18.222266611372703,5.26031526666058,12,10.310217922654735
823,pure,PS,pos,50,0,7,0.7576388888888896,12.38525953117663,3.575316462154103,12,7.007620265822043
824,pure,PS,pos,50,0,8,6.617361111111112,16.802051731117256,4.850334544949283,12,9.506655708100595
825,pure,PS,pos,50,0,9,2.2159722222222222,17.95673399899029,5.183662604041775,12,10.159978703921878
826,pure,PS,pos,50,0,10,11.920138888888891,19.144081742821037,5.526420373802963,12,10.831783932653806
827,pure,PS,pos,50,0,11,7.986805555555556,13.889604987852415,4.009583589337081,12,7.8587838351006765
828,pure,PS,pos,50,1,-6,-1.5753968253968258,9.293545022362697,2.5775656237662945,13,5.052028622581937
829,pure,PS,pos,50,1,-5,0.168192918192918,9.028174999758933,2.503965221960994,13,4.9077718350435475
830,pure,PS,pos,50,1,-4,-0.3025030525030526,7.4846524373841,2.0758690878473,13,4.068703412180708
831,pure,PS,pos,50,1,-3,-0.8003052503052509,7.382545781445043,2.0475497968046517,13,4.013197601737117
832,pure,PS,pos,50,1,-2,1.3793650793650796,9.014760387893734,2.5002446780440386,13,4.9004795689663165
833,pure,PS,pos,50,1,-1,1.1306471306471308,8.955302382886014,2.483753994521567,13,4.868157829262271
834,pure,PS,pos,50,1,0,-52.69884004884005,13.907341988804365,3.857202665080575,13,7.560117223557928
835,pure,PS,pos,50,1,1,-9.992429792429792,33.461206924818455,9.280469023564898,13,18.1897192861872
836,pure,PS,pos,50,1,2,-12.546275946275946,23.28113430281743,6.457024883059371,13,12.655768770796369
837,pure,PS,pos,50,1,3,-3.833089133089133,21.3803478584428,5.929841576220939,13,11.62248948939304
838,pure,PS,pos,50,1,4,-0.025946275946275923,17.6514664171139,4.895635942618062,13,9.595446447531401
839,pure,PS,pos,50,1,5,4.621306471306471,12.137049507256561,3.366211871635268,13,6.597775268405125
840,pure,PS,pos,50,1,6,9.194383394383395,20.20912790154018,5.605003606262546,13,10.985807068274587
841,pure,PS,pos,50,1,7,5.905921855921855,12.56204858925051,3.4840854087240607,13,6.828807401099159
842,pure,PS,pos,50,1,8,3.6522588522588526,14.474567580364814,4.014522738551851,13,7.86846456756163
843,pure,PS,pos,50,1,9,5.603174603174604,11.738912177418209,3.2557884441423064,13,6.38134535051892
844,pure,PS,pos,50,1,10,7.005006105006105,13.038830968107833,3.616321048278505,13,7.087989254625869
845,pure,PS,pos,50,1,11,5.163797313797314,12.921168922868311,3.5836874684871924,13,7.024027438234897
846,pure,PS,pos,50,2,-6,3.426068376068376,6.168459922201613,1.7108229646263482,13,3.3532130106676434
847,pure,PS,pos,50,2,-5,-0.24829059829059857,7.272488937267057,2.0170255202739225,13,3.9533700197368877
848,pure,PS,pos,50,2,-4,3.646581196581196,7.054472535886422,1.956558649960844,13,3.8348549539232546
849,pure,PS,pos,50,2,-3,-1.218803418803419,6.410058240645299,1.7778302819505472,13,3.484547352623072
850,pure,PS,pos,50,2,-2,-3.4021367521367525,9.05620930055055,2.511740538036068,13,4.923011454550693
851,pure,PS,pos,50,2,-1,-2.2034188034188036,11.474592681399207,3.182479405988359,13,6.237659635737184
852,pure,PS,pos,50,2,0,-54.786752136752135,9.437806705686274,2.61757661578998,13,5.130450166948361
853,pure,PS,pos,50,2,1,-20.07008547008547,30.693418098180256,8.512822520941794,13,16.685132141045916
854,pure,PS,pos,50,2,2,-22.557264957264955,33.094370273499116,9.178726842330175,13,17.990304610967144
855,pure,PS,pos,50,2,3,-18.636752136752136,28.817497996603855,7.992535896718153,13,15.66537035756758
856,pure,PS,pos,50,2,4,-12.505982905982906,31.017509384762665,8.602709271072868,13,16.861310171302822
857,pure,PS,pos,50,2,5,-7.679059829059829,23.1421280583521,6.418471487518645,13,12.580204115536544
858,pure,PS,pos,50,2,6,-3.8393162393162403,18.48124678071375,5.125775607874401,13,10.046520191433824
859,pure,PS,pos,50,2,7,3.436324786324785,12.544736892029665,3.479284007801363,13,6.819396655290671
860,pure,PS,pos,50,2,8,7.832478632478632,10.184595630114115,2.8246985972494554,13,5.536409250608932
861,pure,PS,pos,50,2,9,11.841452991452993,14.519424226293877,4.02696373370128,13,7.89284891805451
862,pure,PS,pos,50,2,10,7.285042735042735,14.474278952917457,4.014442687701009,13,7.868307667893977
863,pure,PS,pos,50,2,11,9.713247863247862,13.966107985611048,3.873501420060594,13,7.592062783318762
864,comb,SC,neg,-50,0,-6,-3.183556547619048,11.62751276582216,2.90687819145554,16,5.697481255252859
865,comb,SC,neg,-50,0,-5,-0.006473214285714679,9.489769698736314,2.3724424246840785,16,4.649987152380795
866,comb,SC,neg,-50,0,-4,-0.920610119047619,9.960712882882948,2.490178220720737,16,4.880749312612645
867,comb,SC,neg,-50,0,-3,0.9389136904761903,8.028159783545407,2.0070399458863517,16,3.933798293937249
868,comb,SC,neg,-50,0,-2,-1.9093005952380955,10.991274389539868,2.747818597384967,16,5.385724450874535
869,comb,SC,neg,-50,0,-1,5.081026785714285,11.26466177108253,2.8161654427706324,16,5.519684267830439
870,comb,SC,neg,-50,0,0,56.65930059523809,15.831413328554202,3.9578533321385505,16,7.757392530991558
871,comb,SC,neg,-50,0,1,56.05438988095238,23.516185690005837,5.879046422501459,16,11.52293098810286
872,comb,SC,neg,-50,0,2,40.085788690476186,34.27914404829643,8.569786012074108,16,16.796780583665253
873,comb,SC,neg,-50,0,3,27.718973214285715,39.11107883366217,9.777769708415542,16,19.164428628494466
874,comb,SC,neg,-50,0,4,16.549181547619046,23.81893653468111,5.954734133670278,16,11.671278901993746
875,comb,SC,neg,-50,0,5,13.325372023809523,19.883225303052185,4.970806325763046,16,9.742780398495572
876,comb,SC,neg,-50,0,6,5.103348214285713,24.48945912497856,6.12236478124464,16,11.999834971239496
877,comb,SC,neg,-50,0,7,7.453645833333333,22.36541418727275,5.591353546818188,16,10.959052951763647
878,comb,SC,neg,-50,0,8,6.933258928571428,21.7035019084828,5.4258754771207,16,10.63471593515657
879,comb,SC,neg,-50,0,9,0.5567708333333332,18.754154463441736,4.688538615860434,16,9.189535687086451
880,comb,SC,neg,-50,0,10,-2.1142113095238098,20.249971775177794,5.062492943794449,16,9.92248616983712
881,comb,SC,neg,-50,0,11,-1.1292410714285712,18.222942039203758,4.5557355098009396,16,8.929241599209842
882,comb,SC,neg,-50,1,-6,-2.298635912698413,11.92956357134607,2.9823908928365177,16,5.845486149959576
883,comb,SC,neg,-50,1,-5,0.030233134920635146,14.899127014367828,3.724781753591957,16,7.300572237040235
884,comb,SC,neg,-50,1,-4,1.7535962301587302,6.249213506353222,1.5623033765883054,16,3.0621146181130787
885,comb,SC,neg,-50,1,-3,-0.5102430555555557,8.463469231883767,2.115867307970942,16,4.1470999236230455
886,comb,SC,neg,-50,1,-2,-1.6233382936507934,11.834625464159688,2.958656366039922,16,5.798966477438247
887,comb,SC,neg,-50,1,-1,2.6483878968253967,9.675645741044296,2.418911435261074,16,4.741066413111704
888,comb,SC,neg,-50,1,0,51.48945932539682,21.100017540636863,5.275004385159216,16,10.339008594912062
889,comb,SC,neg,-50,1,1,54.966096230158726,20.26084895448058,5.065212238620145,16,9.927815987695483
890,comb,SC,neg,-50,1,2,33.108804563492065,24.08981932450547,6.0224548311263675,16,11.804011469007682
891,comb,SC,neg,-50,1,3,10.357614087301586,21.177924502443158,5.2944811256107895,16,10.377183006197148
892,comb,SC,neg,-50,1,4,2.491245039682539,14.203368586752651,3.550842146688163,16,6.959650607508799
893,comb,SC,neg,-50,1,5,-6.367832341269842,14.2033803809222,3.55084509523055,16,6.959656386651878
894,comb,SC,neg,-50,1,6,-6.998635912698413,15.428291263329786,3.8570728158324465,16,7.559862719031594
895,comb,SC,neg,-50,1,7,-4.4075644841269845,19.800087241836696,4.950021810459174,16,9.702042748499979
896,comb,SC,neg,-50,1,8,0.9573164682539685,18.365224373246388,4.591306093311597,16,8.998959942890728
897,comb,SC,neg,-50,1,9,-5.898487103174603,23.59467491466962,5.898668728667405,16,11.561390708188114
898,comb,SC,neg,-50,1,10,-6.339260912698412,21.909923138437534,5.477480784609384,16,10.735862337834392
899,comb,SC,neg,-50,1,11,-3.2060763888888895,18.586788285896038,4.6466970714740095,16,9.107526260089058
900,comb,SC,neg,-50,2,-6,-1.667361111111111,11.306512494763302,2.8266281236908255,16,5.540191122434018
901,comb,SC,neg,-50,2,-5,2.5159722222222225,9.89915522541973,2.4747888063549324,16,4.850586060455667
902,comb,SC,neg,-50,2,-4,-0.4111111111111111,9.041361461538264,2.260340365384566,16,4.430267116153749
903,comb,SC,neg,-50,2,-3,1.6972222222222229,8.833456032224932,2.208364008056233,16,4.328393455790216
904,comb,SC,neg,-50,2,-2,0.2128472222222222,10.627882899859573,2.6569707249648933,16,5.207662620931191
905,comb,SC,neg,-50,2,-1,-2.3475694444444444,12.604575516274764,3.151143879068691,16,6.176242002974634
906,comb,SC,neg,-50,2,0,44.82951388888889,16.801112356466437,4.200278089116609,16,8.232545054668554
907,comb,SC,neg,-50,2,1,49.49722222222222,29.518222470516918,7.379555617629229,16,14.463929010553292
908,comb,SC,neg,-50,2,2,26.60972222222222,34.776164159110465,8.694041039777616,16,17.040320437964127
909,comb,SC,neg,-50,2,3,9.36076388888889,25.607401452132127,6.401850363033032,16,12.547626711544742
910,comb,SC,neg,-50,2,4,4.82013888888889,19.008332386163723,4.752083096540931,16,9.314082869220224
911,comb,SC,neg,-50,2,5,-4.881944444444445,20.777057944552105,5.194264486138026,16,10.180758392830532
912,comb,SC,neg,-50,2,6,-3.9350694444444443,16.94591596145318,4.236478990363295,16,8.30349882111206
913,comb,SC,neg,-50,2,7,-1.259027777777777,14.395660014857759,3.5989150037144397,16,7.0538734072803
914,comb,SC,neg,-50,2,8,-5.536111111111111,23.848931591705394,5.962232897926349,16,11.685976479935643
915,comb,SC,neg,-50,2,9,-7.367361111111111,23.635356886762025,5.908839221690506,16,11.581324874513394
916,comb,SC,neg,-50,2,10,-9.675694444444444,24.407622571833034,6.1019056429582585,16,11.959735060198186
917,comb,SC,neg,-50,2,11,-7.099652777777777,21.248620939880023,5.312155234970006,16,10.411824260541211
972,comb,SC,pos,50,0,-6,-1.9312962962962963,7.6388273782997285,1.9723367480472074,15,3.8657800261725264
973,comb,SC,pos,50,0,-5,2.8142592592592597,9.351109528398784,2.4144460981366653,15,4.732314352347864
974,comb,SC,pos,50,0,-4,0.8431481481481481,9.097728743118402,2.3490234606940072,15,4.604085982960253
975,comb,SC,pos,50,0,-3,2.183148148148148,11.93528079027142,3.0816762488687006,15,6.040085447782653
976,comb,SC,pos,50,0,-2,-1.6024074074074073,9.002856069133202,2.324527441603684,15,4.55607378554322
977,comb,SC,pos,50,0,-1,-2.306851851851852,8.968162619518852,2.3155696314317598,15,4.538516477606249
978,comb,SC,pos,50,0,0,-51.8512962962963,8.920960610428457,2.3033821250907844,15,4.514628965177937
979,comb,SC,pos,50,0,1,-37.36018518518519,14.916403838343474,3.851398910080577,15,7.5487418637579315
980,comb,SC,pos,50,0,2,-23.89574074074074,33.4577358474307,8.638750249260399,15,16.93195048855038
981,comb,SC,pos,50,0,3,-1.8712962962962958,33.01292663866463,8.523901005407687,15,16.706845970599066
982,comb,SC,pos,50,0,4,2.842037037037037,38.7777879523493,10.01238179614743,15,19.62426832044896
983,comb,SC,pos,50,0,5,5.769814814814813,38.26476697731656,9.87992034997697,15,19.364643885954862
984,comb,SC,pos,50,0,6,5.509814814814815,37.23333028204471,9.613604540413299,15,18.842664899210067
985,comb,SC,pos,50,0,7,6.73648148148148,32.65498137336787,8.43147993531781,15,16.52570067322291
986,comb,SC,pos,50,0,8,4.870925925925926,35.9108219299871,9.272134352230674,15,18.173383330372125
987,comb,SC,pos,50,0,9,9.873148148148148,32.186761184251516,8.310586002330762,15,16.28874856456829
988,comb,SC,pos,50,0,10,8.049814814814814,28.181649561142912,7.27647062793067,15,14.26188243074411
989,comb,SC,pos,50,0,11,5.566481481481481,32.3147240512059,8.343625872507248,15,16.353506710114207
990,comb,SC,pos,50,1,-6,-4.6984375,10.020254640191014,2.5050636600477536,16,4.9099247736935965
991,comb,SC,pos,50,1,-5,-3.1432291666666665,9.804485303503453,2.4511213258758633,16,4.804197798716692
992,comb,SC,pos,50,1,-4,-0.5869791666666668,6.449504536330375,1.6123761340825937,16,3.1602572228018837
993,comb,SC,pos,50,1,-3,2.0578125,9.229059503530229,2.307264875882557,16,4.522239156729812
994,comb,SC,pos,50,1,-2,2.2182291666666667,11.79770837100816,2.94942709275204,16,5.780877101793998
995,comb,SC,pos,50,1,-1,4.152604166666666,8.17300915645844,2.04325228911461,16,4.004774486664635
996,comb,SC,pos,50,1,0,-46.216145833333336,10.606604589812891,2.6516511474532227,16,5.197236249008317
997,comb,SC,pos,50,1,1,-34.26510416666667,23.90473950821268,5.97618487705317,16,11.713322359024213
998,comb,SC,pos,50,1,2,-14.7640625,27.287159367106614,6.821789841776654,16,13.370708089882244
999,comb,SC,pos,50,1,3,-1.4942708333333332,20.954696907822694,5.238674226955673,16,10.26780148483312
1000,comb,SC,pos,50,1,4,7.486979166666667,20.564039483410287,5.141009870852572,16,10.07637934687104
1001,comb,SC,pos,50,1,5,9.943229166666667,18.891278442774002,4.7228196106935005,16,9.25672643695926
1002,comb,SC,pos,50,1,6,7.620312500000001,20.730368762061605,5.182592190515401,16,10.157880693410187
1003,comb,SC,pos,50,1,7,8.694270833333334,16.592261368286387,4.148065342071597,16,8.130208070460329
1004,comb,SC,pos,50,1,8,13.2140625,11.780409754341973,2.945102438585493,16,5.772400779627566
1005,comb,SC,pos,50,1,9,8.933854166666666,23.284201695118536,5.821050423779634,16,11.409258830608085
1006,comb,SC,pos,50,1,10,11.258854166666667,19.95265234539002,4.988163086347505,16,9.77679964924111
1007,comb,SC,pos,50,1,11,15.736979166666668,16.904043935009714,4.2260109837524285,16,8.28298152815476
1008,comb,SC,pos,50,2,-6,3.6557787698412705,7.968222332786689,1.9920555831966722,16,3.9044289430654775
1009,comb,SC,pos,50,2,-5,1.2048859126984128,7.333584639923618,1.8333961599809045,16,3.593456473562573
1010,comb,SC,pos,50,2,-4,-0.89719742063492,7.072060829383564,1.768015207345891,16,3.4653098063979466
1011,comb,SC,pos,50,2,-3,0.2809275793650798,7.1883194910679835,1.7970798727669959,16,3.522276550623312
1012,comb,SC,pos,50,2,-2,-1.8562748015873012,7.458350909076118,1.8645877272690294,16,3.654591945447298
1013,comb,SC,pos,50,2,-1,-2.3881200396825393,7.2635893331467765,1.8158973332866941,16,3.5591587732419203
1014,comb,SC,pos,50,2,0,-53.41639384920635,10.329839375409843,2.582459843852461,16,5.061621293950824
1015,comb,SC,pos,50,2,1,-55.974131944444444,19.700124009128224,4.925031002282056,16,9.65306076447283
1016,comb,SC,pos,50,2,2,-30.851215277777776,36.07918282247277,9.019795705618192,16,17.678799583011656
1017,comb,SC,pos,50,2,3,-12.946899801587302,32.16477515962941,8.041193789907352,16,15.760739828218405
1018,comb,SC,pos,50,2,4,-3.8324652777777763,37.33314219590181,9.333285548975452,16,18.293239675991884
1019,comb,SC,pos,50,2,5,-6.233953373015872,31.875383290261503,7.968845822565376,16,15.618937812228136
1020,comb,SC,pos,50,2,6,-2.0123759920634905,22.770021797349585,5.692505449337396,16,11.157310680701295
1021,comb,SC,pos,50,2,7,-1.2669890873015868,27.466267877340474,6.866566969335119,16,13.458471259896832
1022,comb,SC,pos,50,2,8,-1.271155753968253,22.619660688210146,5.654915172052537,16,11.083633737222971
1023,comb,SC,pos,50,2,9,5.698933531746032,18.106933672056595,4.526733418014149,16,8.87239749930773
1024,comb,SC,pos,50,2,10,5.050570436507937,20.09880285401658,5.024700713504145,16,9.848413398468121
1025,comb,SC,pos,50,2,11,4.381820436507937,20.286781656998084,5.071695414249521,16,9.940523011929061
1026,comb,PS,neg,-50,0,-6,-0.44357638888888856,10.303640768443636,2.575910192110909,16,5.048783976537381
1027,comb,PS,neg,-50,0,-5,-1.3144097222222222,7.622320362905471,1.9055800907263678,16,3.73493697782368
1028,comb,PS,neg,-50,0,-4,-1.101909722222222,8.293055111666252,2.073263777916563,16,4.063597004716463
1029,comb,PS,neg,-50,0,-3,0.9907986111111113,8.094428284812539,2.0236070712031347,16,3.966269859558144
1030,comb,PS,neg,-50,0,-2,0.29288194444444465,10.191397817474432,2.547849454368608,16,4.993784930562472
1031,comb,PS,neg,-50,0,-1,1.576215277777778,8.29050308038508,2.07262577009627,16,4.062346509388689
1032,comb,PS,neg,-50,0,0,51.798090277777774,15.13281970489757,3.7832049262243923,16,7.415081655399809
1033,comb,PS,neg,-50,0,1,8.427256944444446,35.66537907590979,8.916344768977448,16,17.476035747195798
1034,comb,PS,neg,-50,0,2,-0.985243055555555,30.810436305046967,7.702609076261742,16,15.097113789473013
1035,comb,PS,neg,-50,0,3,-8.699826388888889,20.896833779424263,5.224208444856066,16,10.239448551917887
1036,comb,PS,neg,-50,0,4,-8.097743055555554,19.988641430404464,4.997160357601116,16,9.794434300898187
1037,comb,PS,neg,-50,0,5,-6.440451388888889,21.46826088150812,5.36706522037703,16,10.519447831938978
1038,comb,PS,neg,-50,0,6,-11.150868055555554,16.795686380328977,4.198921595082244,16,8.229886326361198
1039,comb,PS,neg,-50,0,7,-6.136284722222222,21.601997041996317,5.400499260499079,16,10.584978550578194
1040,comb,PS,neg,-50,0,8,-3.258159722222222,20.404515922451537,5.101128980612884,16,9.998212802001252
1041,comb,PS,neg,-50,0,9,-6.764409722222222,18.957109870134307,4.739277467533577,16,9.28898383636581
1042,comb,PS,neg,-50,0,10,-8.222743055555554,22.118422558586666,5.529605639646666,16,10.838027053707465
1043,comb,PS,neg,-50,0,11,-0.8060763888888886,19.229105201505497,4.807276300376374,16,9.422261548737694
1044,comb,PS,neg,-50,1,-6,0.8615740740740743,9.359522190649205,2.206060536558008,18,4.323878651653696
1045,comb,PS,neg,-50,1,-5,3.766203703703704,11.165289246575522,2.631683913387597,18,5.15810047023969
1046,comb,PS,neg,-50,1,-4,-3.196759259259259,11.225318453105835,2.645832933056541,18,5.1858325487908195
1047,comb,PS,neg,-50,1,-3,1.7699074074074075,7.188398944447338,1.6943218798309778,18,3.3208708844687163
1048,comb,PS,neg,-50,1,-2,-1.1282407407407407,8.289051752088518,1.9537482345026749,18,3.829346539625243
1049,comb,PS,neg,-50,1,-1,-2.072685185185185,11.473302669927843,2.7042833735039,18,5.300395412067644
1050,comb,PS,neg,-50,1,0,50.55231481481482,17.402411900394164,4.101787821256729,18,8.03950412966319
1051,comb,PS,neg,-50,1,1,0.881018518518519,33.19729170180035,7.824676693123645,18,15.336366318522344
1052,comb,PS,neg,-50,1,2,-5.033796296296297,18.778451525455974,4.426123471277596,18,8.675202003704088
1053,comb,PS,neg,-50,1,3,-4.9884259259259265,12.295132141365476,2.897990437581402,18,5.680061257659546
1054,comb,PS,neg,-50,1,4,-6.131944444444445,13.452763936285274,3.1708468683497166,18,6.214859861965443
1055,comb,PS,neg,-50,1,5,-2.8865740740740744,24.87258143123421,5.8625236652134385,18,11.49054638381834
1056,comb,PS,neg,-50,1,6,-1.538425925925926,13.551167531841488,3.194040818253362,18,6.260320003776589
1057,comb,PS,neg,-50,1,7,1.9402777777777775,14.604892009094522,3.442406059375986,18,6.747115876376934
1058,comb,PS,neg,-50,1,8,1.661574074074074,18.806937279686128,4.4328376279387145,18,8.688361750759881
1059,comb,PS,neg,-50,1,9,-0.8986111111111111,14.925043662633547,3.517866527784496,18,6.895018394457613
1060,comb,PS,neg,-50,1,10,0.4384259259259259,14.403968561523271,3.3950479486169822,18,6.654293979289285
1061,comb,PS,neg,-50,1,11,-2.1273148148148144,19.33630222513679,4.557610142155585,18,8.932915878624947
1062,comb,PS,neg,-50,2,-6,-2.113234861845973,8.253836535848412,1.9454479284345652,18,3.813077939731748
1063,comb,PS,neg,-50,2,-5,-4.326021457965903,8.781552882919048,2.0698318642867783,18,4.056870454002086
1064,comb,PS,neg,-50,2,-4,1.9392783656672543,7.638556986155562,1.8004251477968252,18,3.528833289681777
1065,comb,PS,neg,-50,2,-3,1.4905349794238683,7.590055620278784,1.7889932662273986,18,3.506426801805701
1066,comb,PS,neg,-50,2,-2,1.3235596707818926,7.3907567300096755,1.7420180672966519,18,3.4143554119014374
1067,comb,PS,neg,-50,2,-1,1.6858833039388594,8.762420587411201,2.065322338989024,18,4.048031784418488
1068,comb,PS,neg,-50,2,0,53.2125367430923,10.196674246762099,2.403379168478571,18,4.710623170217999
1069,comb,PS,neg,-50,2,1,6.412382422104645,20.271349432359983,4.778002882474605,18,9.364885649650226
1070,comb,PS,neg,-50,2,2,-2.8078115814226923,18.815426919316202,4.434838655189466,18,8.692283764171354
1071,comb,PS,neg,-50,2,3,-2.107502939447384,14.276500256100487,3.365003380900046,18,6.59540662656409
1072,comb,PS,neg,-50,2,4,-2.8643592004703113,13.19246757858657,3.1094944284674124,18,6.094609079796128
1073,comb,PS,neg,-50,2,5,-0.36563786008230437,12.82814984777596,3.0236239158131863,18,5.926302874993845
1074,comb,PS,neg,-50,2,6,-3.2351263962375074,15.2865856239008,3.6030827852830156,18,7.062042259154711
1075,comb,PS,neg,-50,2,7,1.5717519106407996,14.111973357660414,3.3262240190418573,18,6.519399077322041
1076,comb,PS,neg,-50,2,8,3.5319150499706056,13.090888333471343,3.085551970784483,18,6.047681862737587
1077,comb,PS,neg,-50,2,9,4.14811875367431,17.861889562758094,4.210087744877155,18,8.251771979959225
1078,comb,PS,neg,-50,2,10,3.104379776601999,19.602261876209848,4.620297433087507,18,9.055782968851513
1079,comb,PS,neg,-50,2,11,-0.31186801881246307,15.456790829567302,3.643200536989694,18,7.1406730524998
1134,comb,PS,pos,50,0,-6,-1.0896825396825391,9.090684408028714,2.429587604723667,14,4.761991705258386
1135,comb,PS,pos,50,0,-5,-3.207539682539682,14.557079111746136,3.890543042022684,14,7.62546436236446
1136,comb,PS,pos,50,0,-4,3.3853174603174603,8.120353915146252,2.170255872130405,14,4.253701509375594
1137,comb,PS,pos,50,0,-3,3.175793650793651,10.819126364248577,2.8915331485165274,14,5.6674049710923935
1138,comb,PS,pos,50,0,-2,1.125793650793651,14.076250871251972,3.7620362893216477,14,7.37359112707043
1139,comb,PS,pos,50,0,-1,-3.389682539682539,10.665429027456403,2.850455807406819,14,5.586893382517366
1140,comb,PS,pos,50,0,0,-52.506349206349206,14.680695320254705,3.9235808634291893,14,7.69021849232121
1141,comb,PS,pos,50,0,1,9.236507936507937,22.567124913210815,6.031317830697535,14,11.821382948167168
1142,comb,PS,pos,50,0,2,6.856746031746033,28.436710034409057,7.6000304396996645,14,14.896059661811343
1143,comb,PS,pos,50,0,3,5.82936507936508,14.22534528153119,3.801883446575072,14,7.451691555287142
1144,comb,PS,pos,50,0,4,3.201984126984127,15.242244008284532,4.073661063186333,14,7.984375683845214
1145,comb,PS,pos,50,0,5,7.891269841269841,10.939052798858294,2.9235848363684496,14,5.73022627928216
1146,comb,PS,pos,50,0,6,5.5436507936507935,17.96681914015175,4.801834396612874,14,9.411595417361232
1147,comb,PS,pos,50,0,7,4.1531746031746035,13.79088606759449,3.685769337498054,14,7.224107901496186
1148,comb,PS,pos,50,0,8,2.5329365079365083,8.001452107137752,2.1384780272564203,14,4.191416933422583
1149,comb,PS,pos,50,0,9,-3.0753968253968256,12.046539563395323,3.2195731244601884,14,6.310363323941969
1150,comb,PS,pos,50,0,10,-0.26349206349206306,16.531916340902264,4.418340492461842,14,8.659947365225209
1151,comb,PS,pos,50,0,11,-1.6968253968253963,11.102592934463697,2.967292776112876,14,5.815893841181237
1152,comb,PS,pos,50,1,-6,-1.4412698412698413,10.37277555743348,2.772240877558512,14,5.433592120014683
1153,comb,PS,pos,50,1,-5,-2.6222222222222222,9.196722998581102,2.4579276101253407,14,4.817538115845668
1154,comb,PS,pos,50,1,-4,1.0658730158730163,8.915056330649069,2.382649026648491,14,4.669992092231043
1155,comb,PS,pos,50,1,-3,1.7361111111111112,8.070440124223119,2.156915850379731,14,4.227555066744273
1156,comb,PS,pos,50,1,-2,0.026587301587301684,6.859917342623934,1.8333900284062508,14,3.5934444556762513
1157,comb,PS,pos,50,1,-1,1.2349206349206352,8.464725330569893,2.2622930042956666,14,4.434094288419506
1158,comb,PS,pos,50,1,0,-49.817460317460316,8.141477114539246,2.17590128463334,14,4.2647665178813465
1159,comb,PS,pos,50,1,1,9.14563492063492,14.934973872762928,3.9915396651642308,14,7.823417743721891
1160,comb,PS,pos,50,1,2,13.636111111111111,16.78236854892839,4.485276660618613,14,8.791142254812481
1161,comb,PS,pos,50,1,3,5.66468253968254,24.125342195993877,6.44776891686354,14,12.637627077052537
1162,comb,PS,pos,50,1,4,3.6587301587301586,13.063939291114549,3.4914846392117913,14,6.843309892855111
1163,comb,PS,pos,50,1,5,5.752777777777778,8.095694721853073,2.1636654255063115,14,4.240784233992369
1164,comb,PS,pos,50,1,6,3.282539682539683,13.282633415903158,3.5499331026017455,14,6.957868881099421
1165,comb,PS,pos,50,1,7,5.994444444444445,14.144721522923795,3.7803358407220125,14,7.409458247815143
1166,comb,PS,pos,50,1,8,5.707539682539683,11.450896313703703,3.060380769810854,14,5.998346308829274
1167,comb,PS,pos,50,1,9,11.352777777777778,9.09294846438043,2.4301926992359864,14,4.763177690502533
1168,comb,PS,pos,50,1,10,9.087301587301587,7.793742065133541,2.082965183472693,14,4.08261175960648
1169,comb,PS,pos,50,1,11,6.115873015873016,11.834341598059343,3.162860832713205,14,6.199207232117881
1170,comb,PS,pos,50,2,-6,-2.225396825396825,8.436451096010321,2.2547363972531524,14,4.41928333861618
1171,comb,PS,pos,50,2,-5,-0.3670634920634917,8.04006570405822,2.1487979451240906,14,4.211643972443217
1172,comb,PS,pos,50,2,-4,1.1507936507936507,7.603061079802297,2.0320035465239803,14,3.9827269511870003
1173,comb,PS,pos,50,2,-3,6.007936507936508,8.867795408919969,2.370018014013246,14,4.6452353074659625
1174,comb,PS,pos,50,2,-2,0.7341269841269845,6.393755804046628,1.7088031166742734,14,3.3492541086815764
1175,comb,PS,pos,50,2,-1,-5.300396825396825,9.331898919151135,2.494054894533543,14,4.8883475932857445
1176,comb,PS,pos,50,2,0,-49.68611111111112,13.514492546315807,3.6119000617445653,14,7.079324121019348
1177,comb,PS,pos,50,2,1,3.9246031746031744,20.114295294306032,5.375771540549464,14,10.536512219476949
1178,comb,PS,pos,50,2,2,20.088888888888892,15.358126400499286,4.104631935245431,14,8.045078593081044
1179,comb,PS,pos,50,2,3,9.807936507936509,17.863132000664148,4.77412284294307,14,9.357280772168417
1180,comb,PS,pos,50,2,4,5.724603174603175,18.114065318586796,4.841187593128282,14,9.488727682531433
1181,comb,PS,pos,50,2,5,7.572222222222223,16.5742715294864,4.429660392764273,14,8.682134369817975
1182,comb,PS,pos,50,2,6,4.699603174603175,11.874103647739231,3.1734876874916353,14,6.220035867483605
1183,comb,PS,pos,50,2,7,8.648412698412699,11.100708255890273,2.966789074576737,14,5.814906586170404
1184,comb,PS,pos,50,2,8,9.582936507936509,9.564759397786178,2.5562894752458662,14,5.010327371481898
1185,comb,PS,pos,50,2,9,9.30079365079365,8.669373305476018,2.3169874762239404,14,4.541295453398923
1186,comb,PS,pos,50,2,10,7.9829365079365076,8.345308052857195,2.2303773943483702,14,4.371539692922805
1187,comb,PS,pos,50,2,11,4.746031746031746,9.67894431736384,2.5868066786598627,14,5.070141090173329
